                  12                   1               12790                   1               12789
T-Matrices                                                  
    7    1    2   16    2    1    0    0   10   16   16     0.00000000
    1    3   -2  0.000000
    2    2   -2  0.135000
    2    4   -2  0.135000
    2    4   -4  0.135000
    3    2   -1  0.256000
    3    4   -3  0.256000
    3    4   -1  0.256000
    4    2    1  0.256000
    4    4    1  0.256000
    4    4    3  0.256000
    7    1   -1  0.886200
    7    3   -1  0.886200
    7    3   -3  0.886200
    8    1    1  0.886200
    8    3    1  0.886200
    8    3    3  0.886200
    1   99     0.00735000     0.00367500
    1    1    0  0.007350
-0.1203008699937E-01
 0.1546462123866E+00
    1    1    0  0.011025
-0.1966236892222E-01
 0.1973274666457E+00
    1    1    0  0.014700
-0.3898033999372E-01
 0.2764800410182E+00
    1    1    0  0.018375
-0.1192424188392E+00
 0.4735674009344E+00
    1    1    0  0.022050
-0.1501465563068E+01
 0.8651776054987E+00
    1    1    0  0.025725
-0.1684607706369E+00
-0.5554660295916E+00
    1    1    0  0.029400
-0.2812607080963E-01
-0.2355017319683E+00
    1    1    0  0.033075
-0.6463961438308E-03
-0.3594961000744E-01
    1    1    0  0.036750
-0.1269306996261E-01
-0.1588238832800E+00
    1    1    0  0.040425
-0.4635824942638E-02
-0.9617774697079E-01
    1    1    0  0.044100
-0.2129294063307E-02
-0.6522311119079E-01
    1    1    0  0.047775
-0.9433829708103E-03
-0.4342667348751E-01
    1    1    0  0.051450
-0.3281298169780E-03
-0.2561546339185E-01
    1    1    0  0.055125
-0.4237415657083E-04
-0.9205787178320E-02
    1    1    0  0.058800
-0.3258453126766E-04
 0.8072669991003E-02
    1    1    0  0.062475
-0.4483071737077E-03
 0.2994016312737E-01
    1    1    0  0.066150
-0.2286545791714E-02
 0.6758596963697E-01
    1    1    0  0.069825
-0.2069674578882E-01
 0.2023984592120E+00
    1    1    0  0.073500
-0.4521821449137E-01
-0.2973074873947E+00
    1    1    0  0.077175
-0.2851037669539E-02
-0.7545824622455E-01
    1    1    0  0.080850
-0.4485552071812E-03
-0.2994844257367E-01
    1    1    0  0.084525
-0.7060541530592E-05
-0.3757796323637E-02
    1    1    0  0.088200
-0.2364149085062E-03
 0.2174336508003E-01
    1    1    0  0.091875
-0.2711845372541E-02
 0.7359576509391E-01
    1    1    0  0.095550
-0.2889376820979E-01
-0.2386476200975E+00
    1    1    0  0.099225
-0.1833940401023E-03
-0.1915083410274E-01
    1    1    0  0.102900
-0.2575119916897E-03
 0.2269267879633E-01
    1    1    0  0.106575
-0.2966716008778E-01
 0.2417729922632E+00
    1    1    0  0.110250
-0.1169124565889E-05
-0.1529133010868E-02
    1    1    0  0.113925
-0.9361341514650E-02
 0.1365102498509E+00
    1    1    0  0.117600
-0.4365626354302E-03
 0.2954546807762E-01
    1    1    0  0.121275
-0.3327752801703E-03
 0.2579612026940E-01
    1    1    0  0.124950
-0.1598087578653E+01
 0.8014307507585E+00
    1    1    0  0.128625
-0.3951763472664E-03
 0.2811043454284E-01
    1    1    0  0.132300
-0.2369013454722E-04
-0.6883291935692E-02
    4    4    0  0.135975
-0.3483911211924E-01 0.1908899321183E-01 0.1801104223215E-02-0.2969678374440E-09
 0.1908899321183E-01-0.3479234671952E-01-0.1587285097034E-01 0.2889995951279E-09
 0.1801104223215E-02-0.1587285097034E-01-0.1111509391430E-01 0.6954988353963E-10
-0.2969678374440E-09 0.2889995951279E-09 0.6954988353963E-10-0.1472812771992E-03
 0.2618577409862E-01-0.2134826980046E+00-0.1477710044443E+00 0.9655877517784E-09
-0.2134826980046E+00 0.1488920274920E+00-0.3761753713064E-02-0.2693718795173E-08
-0.1477710044443E+00-0.3761753713064E-02 0.1015182776886E-02 0.3973412938597E-10
 0.9655877517784E-09-0.2693718795173E-08 0.3973412938597E-10-0.1716219282679E-01
    4    4    0  0.139650
-0.3467418963865E-01 0.1936078927425E-01 0.1939901612617E-02-0.3278025361322E-09
 0.1936078927425E-01-0.3467486004127E-01-0.1591589726867E-01 0.3154304738771E-09
 0.1939901612617E-02-0.1591589726867E-01-0.1151877238936E-01 0.7105156180393E-10
-0.3278025361322E-09 0.3154304738771E-09 0.7105156180393E-10-0.1469138613386E-03
 0.2808448308797E-01-0.2105896704837E+00-0.1504351320864E+00 0.9781368399775E-09
-0.2105896704837E+00 0.1521667280436E+00-0.4061499541465E-02-0.3008628422676E-08
-0.1504351320864E+00-0.4061499541465E-02 0.7476047396970E-03 0.4217567175248E-10
 0.9781368399775E-09-0.3008628422676E-08 0.4217567175248E-10-0.1714077416556E-01
    4    4    0  0.143325
-0.3455032123843E-01 0.1965831739339E-01 0.2097352969225E-02-0.3584984067986E-09
 0.1965831739339E-01-0.3462314925324E-01-0.1594731203727E-01 0.3430759264502E-09
 0.2097352969225E-02-0.1594731203727E-01-0.1188917775788E-01 0.7253918045189E-10
-0.3584984067986E-09 0.3430759264502E-09 0.7253918045189E-10-0.1473984007241E-03
 0.3015690237169E-01-0.2079595750158E+00-0.1528379725249E+00 0.9918683132598E-09
-0.2079595750158E+00 0.1553736324963E+00-0.4315011291421E-02-0.3325215092172E-08
-0.1528379725249E+00-0.4315011291421E-02 0.4713272021412E-03 0.4404200468192E-10
 0.9918683132598E-09-0.3325215092172E-08 0.4404200468192E-10-0.1716901497348E-01
    4    4    0  0.147000
-0.3449399156686E-01 0.2001309218267E-01 0.2291450816855E-02-0.3894543302414E-09
 0.2001309218267E-01-0.3465035543886E-01-0.1598137486043E-01 0.3723415611034E-09
 0.2291450816855E-02-0.1598137486043E-01-0.1223443321118E-01 0.7437030038987E-10
-0.3894543302414E-09 0.3723415611034E-09 0.7437030038987E-10-0.1485804477716E-03
 0.3259922175708E-01-0.2056491183851E+00-0.1550422649545E+00 0.1010471915180E-08
-0.2056491183851E+00 0.1585313463786E+00-0.4515292610159E-02-0.3643046096516E-08
-0.1550422649545E+00-0.4515292610159E-02 0.1954163006064E-03 0.4461203002776E-10
 0.1010471915180E-08-0.3643046096516E-08 0.4461203002776E-10-0.1723771502821E-01
    4    4    0  0.150675
-0.3458543268608E-01 0.2051133201431E-01 0.2576242144388E-02-0.4220494269990E-09
 0.2051133201431E-01-0.3479873281712E-01-0.1605244070814E-01 0.4046153651404E-09
 0.2576242144388E-02-0.1605244070814E-01-0.1257673280864E-01 0.7754377146238E-10
-0.4220494269990E-09 0.4046153651404E-09 0.7754377146238E-10-0.1503824958512E-03
 0.3596359031317E-01-0.2038245245051E+00-0.1571926996891E+00 0.1044293891740E-08
-0.2038245245051E+00 0.1616856683493E+00-0.4628833068778E-02-0.3963777014958E-08
-0.1571926996891E+00-0.4628833068778E-02-0.5100722358588E-04 0.4085307248540E-10
 0.1044293891740E-08-0.3963777014958E-08 0.4085307248540E-10-0.1734192540658E-01
    4    4    0  0.154350
-0.3519422048766E-01 0.2152848313686E-01 0.3193210235688E-02-0.4629099672609E-09
 0.2152848313686E-01-0.3526458574228E-01-0.1630108607649E-01 0.4471989733873E-09
 0.3193210235688E-02-0.1630108607649E-01-0.1301150202045E-01 0.8686806595056E-10
-0.4629099672609E-09 0.4471989733873E-09 0.8686806595056E-10-0.1527605628263E-03
 0.4265523432900E-01-0.2032219380698E+00-0.1598671652131E+00 0.1143515428100E-08
-0.2032219380698E+00 0.1650362744446E+00-0.4500165344282E-02-0.4301335143031E-08
-0.1598671652131E+00-0.4500165344282E-02-0.1444152876099E-03 0.2103679450110E-10
 0.1143515428100E-08-0.4301335143031E-08 0.2103679450110E-10-0.1747849506860E-01
    4    4    0  0.158025
-0.4692569749476E-01 0.3216087226108E-01 0.1010116762652E-01-0.9283053331459E-09
 0.3216087226108E-01-0.4071080183496E-01-0.1997079168657E-01 0.9751085486309E-09
 0.1010116762652E-01-0.1997079168657E-01-0.1577319661140E-01 0.4072546696551E-09
-0.9283053331459E-09 0.9751085486309E-09 0.4072546696551E-09-0.1556866740404E-03
 0.1062302827285E+00-0.2200875431753E+00-0.1754697095873E+00 0.4530143269879E-08
-0.2200875431753E+00 0.1728930431428E+00-0.7409659871443E-03-0.5642063827367E-08
-0.1754697095873E+00-0.7409659871443E-03 0.2562297836377E-02-0.7658249668961E-09
 0.4530143269879E-08-0.5642063827367E-08-0.7658249668961E-09-0.1764508741096E-01
    4    4    0  0.161700
-0.3093183862423E-01 0.1761623978918E-01 0.5909791561988E-03-0.4565828655850E-09
 0.1761623978918E-01-0.3308338394804E-01-0.1454527621510E-01 0.4426075947778E-09
 0.5909791561988E-03-0.1454527621510E-01-0.1225317009133E-01 0.4656134339665E-10
-0.4565828655850E-09 0.4426075947778E-09 0.4656134339665E-10-0.1591416872288E-03
 0.1651244378623E-01-0.1903444446358E+00-0.1552177471929E+00 0.7466901154524E-09
-0.1903444446358E+00 0.1681468320349E+00-0.6782028535705E-02-0.4782594088018E-08
-0.1552177471929E+00-0.6782028535705E-02-0.2395982920509E-02 0.1172776753025E-09
 0.7466901154524E-09-0.4782594088018E-08 0.1172776753025E-09-0.1783978835023E-01
    4    4    0  0.165375
-0.3192296685173E-01 0.1918892109304E-01 0.1544100700955E-02-0.4970510340847E-09
 0.1918892109304E-01-0.3396481955541E-01-0.1498032585432E-01 0.4850122424800E-09
 0.1544100700955E-02-0.1498032585432E-01-0.1272592823116E-01 0.5515913573104E-10
-0.4970510340847E-09 0.4850122424800E-09 0.5515913573104E-10-0.1631112119742E-03
 0.2722856141778E-01-0.1915644303492E+00-0.1581705832929E+00 0.8328278852495E-09
-0.1915644303492E+00 0.1716002676888E+00-0.6310502521822E-02-0.5099282694841E-08
-0.1581705832929E+00-0.6310502521822E-02-0.2314506858966E-02 0.9935259820394E-10
 0.8328278852495E-09-0.5099282694841E-08 0.9935259820394E-10-0.1806089196803E-01
    4    4    0  0.169050
-0.3211112736909E-01 0.1979710250661E-01 0.1875752104023E-02-0.5262063582562E-09
 0.1979710250661E-01-0.3434025356444E-01-0.1504215780106E-01 0.5176360466959E-09
 0.1875752104023E-02-0.1504215780106E-01-0.1291594889836E-01 0.5734574055536E-10
-0.5262063582562E-09 0.5176360466959E-09 0.5734574055536E-10-0.1675837008304E-03
 0.3123983308959E-01-0.1908675838805E+00-0.1593402798285E+00 0.8596754449680E-09
-0.1908675838805E+00 0.1743942769875E+00-0.6266092295604E-02-0.5390923752783E-08
-0.1593402798285E+00-0.6266092295604E-02-0.2588902283899E-02 0.9412936983736E-10
 0.8596754449680E-09-0.5390923752783E-08 0.9412936983736E-10-0.1830681068248E-01
    4    4    0  0.172725
-0.3212255180747E-01 0.2020234654997E-01 0.2071445537730E-02-0.5520715354196E-09
 0.2020234654997E-01-0.3462783602655E-01-0.1502146005830E-01 0.5474921305728E-09
 0.2071445537730E-02-0.1502146005830E-01-0.1302207704379E-01 0.5782638611914E-10
-0.5520715354196E-09 0.5474921305728E-09 0.5782638611914E-10-0.1725488317494E-03
 0.3382959235235E-01-0.1898947956852E+00-0.1599885772189E+00 0.8702745232256E-09
-0.1898947956852E+00 0.1769834373963E+00-0.6295666436006E-02-0.5669364819135E-08
-0.1599885772189E+00-0.6295666436006E-02-0.2943499912797E-02 0.9203300200789E-10
 0.8702745232256E-09-0.5669364819135E-08 0.9203300200789E-10-0.1857600307922E-01
    4    4    0  0.176400
-0.3207282529564E-01 0.2053843846338E-01 0.2216609590827E-02-0.5762139289920E-09
 0.2053843846338E-01-0.3489817825276E-01-0.1496969799105E-01 0.5759990561399E-09
 0.2216609590827E-02-0.1496969799105E-01-0.1308050172200E-01 0.5762675603849E-10
-0.5762139289920E-09 0.5759990561399E-09 0.5762675603849E-10-0.1779965318858E-03
 0.3590585668369E-01-0.1889216489603E+00-0.1603422079996E+00 0.8744056534663E-09
-0.1889216489603E+00 0.1794463070593E+00-0.6339383614316E-02-0.5936788106085E-08
-0.1603422079996E+00-0.6339383614316E-02-0.3329752525594E-02 0.9105585342374E-10
 0.8744056534663E-09-0.5936788106085E-08 0.9105585342374E-10-0.1886693883507E-01
    4    4    0  0.180075
-0.3200245186160E-01 0.2085122377664E-01 0.2340484826984E-02-0.5992143746482E-09
 0.2085122377664E-01-0.3517389784160E-01-0.1490495397222E-01 0.6036258277070E-09
 0.2340484826984E-02-0.1490495397222E-01-0.1310479167765E-01 0.5714704937919E-10
-0.5992143746482E-09 0.6036258277070E-09 0.5714704937919E-10-0.1839162188422E-03
 0.3777571092037E-01-0.1880368722602E+00-0.1604855935308E+00 0.8758708088794E-09
-0.1880368722602E+00 0.1818106831518E+00-0.6377426628841E-02-0.6193655396160E-08
-0.1604855935308E+00-0.6377426628841E-02-0.3730277056980E-02 0.9036691458697E-10
 0.8758708088794E-09-0.6193655396160E-08 0.9036691458697E-10-0.1917807635058E-01
    4    4    0  0.183750
-0.3193476563354E-01 0.2116627366549E-01 0.2459339241144E-02-0.6214484643152E-09
 0.2116627366549E-01-0.3546683292068E-01-0.1483748973167E-01 0.6306317766419E-09
 0.2459339241144E-02-0.1483748973167E-01-0.1310324504046E-01 0.5664181452578E-10
-0.6214484643152E-09 0.6306317766419E-09 0.5664181452578E-10-0.1902961999757E-03
 0.3960804446580E-01-0.1872866731305E+00-0.1604697709911E+00 0.8770851608616E-09
-0.1872866731305E+00 0.1840933461079E+00-0.6399167762954E-02-0.6440088577535E-08
-0.1604697709911E+00-0.6399167762954E-02-0.4135075487940E-02 0.8928108404685E-10
 0.8770851608616E-09-0.6440088577535E-08 0.8928108404685E-10-0.1950784937679E-01
    4    4    0  0.187425
-0.3189479546355E-01 0.2150987208120E-01 0.2589789352505E-02-0.6433615235727E-09
 0.2150987208120E-01-0.3578962969922E-01-0.1477756704462E-01 0.6573494083067E-09
 0.2589789352505E-02-0.1477756704462E-01-0.1308408898925E-01 0.5640058170563E-10
-0.6433615235727E-09 0.6573494083067E-09 0.5640058170563E-10-0.1971231661913E-03
 0.4157409206007E-01-0.1867192261842E+00-0.1603448059219E+00 0.8808317890213E-09
-0.1867192261842E+00 0.1863125323159E+00-0.6393871668320E-02-0.6676439731769E-08
-0.1603448059219E+00-0.6393871668320E-02-0.4534613118117E-02 0.8706271097068E-10
 0.8808317890213E-09-0.6676439731769E-08 0.8706271097068E-10-0.1985465876916E-01
    4    4    0  0.191100
-0.3193334536500E-01 0.2193391346396E-01 0.2764369234624E-02-0.6658981238703E-09
 0.2193391346396E-01-0.3616970721818E-01-0.1474446102459E-01 0.6846071419932E-09
 0.2764369234624E-02-0.1474446102459E-01-0.1306124567170E-01 0.5701302115528E-10
-0.6658981238703E-09 0.6846071419932E-09 0.5701302115528E-10-0.2043817267214E-03
 0.4400865442149E-01-0.1864374681742E+00-0.1601952642356E+00 0.8928810573163E-09
-0.1864374681742E+00 0.1885034319985E+00-0.6340158589522E-02-0.6904154623561E-08
-0.1601952642356E+00-0.6340158589522E-02-0.4912641071680E-02 0.8248850684969E-10
 0.8928810573163E-09-0.6904154623561E-08 0.8248850684969E-10-0.2021686626440E-01
    4    4    0  0.194775
-0.3223840223031E-01 0.2262709020557E-01 0.3100760767023E-02-0.6926286144710E-09
 0.2262709020557E-01-0.3671181191924E-01-0.1480617451029E-01 0.7157299289446E-09
 0.3100760767023E-02-0.1480617451029E-01-0.1307948758199E-01 0.6061677499367E-10
-0.6926286144710E-09 0.7157299289446E-09 0.6061677499367E-10-0.2120539135070E-03
 0.4811778581613E-01-0.1868332296125E+00-0.1602932093211E+00 0.9343273990137E-09
-0.1868332296125E+00 0.1907879898741E+00-0.6160026108489E-02-0.7129818619888E-08
-0.1602932093211E+00-0.6160026108489E-02-0.5215915209767E-02 0.7115790864051E-10
 0.9343273990137E-09-0.7129818619888E-08 0.7115790864051E-10-0.2059278660482E-01
    4    4    0  0.198450
-0.3532971964090E-01 0.2597555732027E-01 0.5086340020236E-02-0.7716720958501E-09
 0.2597555732027E-01-0.3874166533501E-01-0.1580466093542E-01 0.7941321964481E-09
 0.5086340020236E-02-0.1580466093542E-01-0.1367396640462E-01 0.9436399947219E-10
-0.7716720958501E-09 0.7941321964481E-09 0.9436399947219E-10-0.2201185048572E-03
 0.6865757928521E-01-0.1927660816948E+00-0.1638231495050E+00 0.1266560142526E-08
-0.1927660816948E+00 0.1946152251657E+00-0.4903981386916E-02-0.7438906327897E-08
-0.1638231495050E+00-0.4903981386916E-02-0.4819122612839E-02-0.2740047420026E-11
 0.1266560142526E-08-0.7438906327897E-08-0.2740047420026E-11-0.2098067104642E-01
    4    4    0  0.202125
-0.2908247483519E-01 0.2003812216856E-01 0.1286175715052E-02-0.6708547922542E-09
 0.2003812216856E-01-0.3555293841808E-01-0.1349062549379E-01 0.7032462989180E-09
 0.1286175715052E-02-0.1349062549379E-01-0.1215507878781E-01 0.2325009980712E-10
-0.6708547922542E-09 0.7032462989180E-09 0.2325009980712E-10-0.2285497399308E-03
 0.3014815976884E-01-0.1792542796776E+00-0.1545152756838E+00 0.5626926497846E-09
-0.1792542796776E+00 0.1925370346736E+00-0.7465626971237E-02-0.7394444541483E-08
-0.1545152756838E+00-0.7465626971237E-02-0.6932128489691E-02 0.1455898567969E-09
 0.5626926497846E-09-0.7394444541483E-08 0.1455898567969E-09-0.2137866330896E-01
    4    4    0  0.205800
-0.3012182570246E-01 0.2157877998541E-01 0.2132593809136E-02-0.7089689583670E-09
 0.2157877998541E-01-0.3660988029023E-01-0.1386202592686E-01 0.7461588157391E-09
 0.2132593809136E-02-0.1386202592686E-01-0.1232224195025E-01 0.3622704224342E-10
-0.7089689583670E-09 0.7461588157391E-09 0.3622704224342E-10-0.2373138178905E-03
 0.3990365772561E-01-0.1818613366794E+00-0.1555644163701E+00 0.7017382786241E-09
-0.1818613366794E+00 0.1951949234426E+00-0.6861036405997E-02-0.7615657714559E-08
-0.1555644163701E+00-0.6861036405997E-02-0.6970012448113E-02 0.1123181838250E-09
 0.7017382786241E-09-0.7615657714559E-08 0.1123181838250E-09-0.2178465785668E-01
    4    4    0  0.209475
-0.3036937086905E-01 0.2222866331126E-01 0.2420615946226E-02-0.7308072925857E-09
 0.2222866331126E-01-0.3715764672760E-01-0.1390719207757E-01 0.7720111329943E-09
 0.2420615946226E-02-0.1390719207757E-01-0.1227035843888E-01 0.3934376388181E-10
-0.7308072925857E-09 0.7720111329943E-09 0.3934376388181E-10-0.2463545039127E-03
 0.4360238933386E-01-0.1825410318116E+00-0.1552226579675E+00 0.7372475468283E-09
-0.1825410318116E+00 0.1971845459019E+00-0.6641223035037E-02-0.7789655794916E-08
-0.1552226579675E+00-0.6641223035037E-02-0.7259918636462E-02 0.1013348858175E-09
 0.7372475468283E-09-0.7789655794916E-08 0.1013348858175E-09-0.2219568240185E-01
    4    4    0  0.213150
-0.3057482612411E-01 0.2282517431084E-01 0.2668920069555E-02-0.7509121039856E-09
 0.2282517431084E-01-0.3767961323952E-01-0.1393168569608E-01 0.7960799918806E-09
 0.2668920069555E-02-0.1393168569608E-01-0.1219359057619E-01 0.4213102864978E-10
-0.7509121039856E-09 0.7960799918806E-09 0.4213102864978E-10-0.2554700607532E-03
 0.4687481708036E-01-0.1831682367962E+00-0.1547219088936E+00 0.7692721308390E-09
-0.1831682367962E+00 0.1990788272877E+00-0.6435085951784E-02-0.7948584842532E-08
-0.1547219088936E+00-0.6435085951784E-02-0.7550038256808E-02 0.9184219518887E-10
 0.7692721308390E-09-0.7948584842532E-08 0.9184219518887E-10-0.2260254093137E-01
    4    4    0  0.216825
-0.3130505765610E-01 0.2395252181211E-01 0.3213638862263E-02-0.7800896706565E-09
 0.2395252181211E-01-0.3851241258171E-01-0.1413704804676E-01 0.8244403775870E-09
 0.3213638862263E-02-0.1413704804676E-01-0.1221274552875E-01 0.4741479742758E-10
-0.7800896706565E-09 0.8244403775870E-09 0.4741479742758E-10-0.2673639690903E-03
 0.5342133116463E-01-0.1849954825827E+00-0.1548188964630E+00 0.8182021411635E-09
-0.1849954825827E+00 0.2012677395637E+00-0.6000687194435E-02-0.8115756907786E-08
-0.1548188964630E+00-0.6000687194435E-02-0.7826707679117E-02 0.6794131207659E-10
 0.8182021411635E-09-0.8115756907786E-08 0.6794131207659E-10-0.2312263944035E-01
    4    4    0  0.220500
-0.2779499927889E-01 0.2055925598439E-01 0.1105964218241E-02-0.7251853740474E-09
 0.2055925598439E-01-0.3671572925128E-01-0.1276936961924E-01 0.7765987436435E-09
 0.1105964218241E-02-0.1276936961924E-01-0.1128548577992E-01 0.9528524377167E-11
-0.7251853740474E-09 0.7765987436435E-09 0.9528524377167E-11-0.2757983977778E-03
 0.3074331808839E-01-0.1769375076254E+00-0.1488001921961E+00 0.4281374096167E-09
-0.1769375076254E+00 0.2003378712137E+00-0.7451823526349E-02-0.8100312002346E-08
-0.1488001921961E+00-0.7451823526349E-02-0.9072074832334E-02 0.1499958536448E-09
 0.4281374096167E-09-0.8100312002346E-08 0.1499958536448E-09-0.2348447850814E-01
    4    4    0  0.224175
-0.2954204408303E-01 0.2287123070613E-01 0.2349954385350E-02-0.7723396560171E-09
 0.2287123070613E-01-0.3825834287828E-01-0.1339888105295E-01 0.8266332506371E-09
 0.2349954385350E-02-0.1339888105295E-01-0.1154554307146E-01 0.2991196039486E-10
-0.7723396560171E-09 0.8266332506371E-09 0.2991196039486E-10-0.2855357715931E-03
 0.4522984713362E-01-0.1816173252074E+00-0.1505063069463E+00 0.6433139797502E-09
-0.1816173252074E+00 0.2032821843231E+00-0.6470121378702E-02-0.8282894010468E-08
-0.1505063069463E+00-0.6470121378702E-02-0.8872619553561E-02 0.1021613482508E-09
 0.6433139797502E-09-0.8282894010468E-08 0.1021613482508E-09-0.2389539730804E-01
    4    4    0  0.227850
-0.3029323696644E-01 0.2401897228993E-01 0.2911564187569E-02-0.7985533663133E-09
 0.2401897228993E-01-0.3911378298553E-01-0.1361553399465E-01 0.8597614831638E-09
 0.2911564187569E-02-0.1361553399465E-01-0.1155403239886E-01 0.4187805526640E-10
-0.7985533663133E-09 0.8597614831638E-09 0.4187805526640E-10-0.2914558847299E-03
 0.5183696798617E-01-0.1836557941856E+00-0.1505552506662E+00 0.7757860591037E-09
-0.1836557941856E+00 0.2053532078559E+00-0.5999453405117E-02-0.8403980153328E-08
-0.1505552506662E+00-0.5999453405117E-02-0.8822256896940E-02 0.8644311089309E-10
 0.7757860591037E-09-0.8403980153328E-08 0.8644311089309E-10-0.2414180653818E-01
    4    4    0  0.231525
-0.2830233533002E-01 0.2227189616824E-01 0.1784076312997E-02-0.7709382866377E-09
 0.2227189616824E-01-0.3827894805850E-01-0.1284159804876E-01 0.8303848548133E-09
 0.1784076312997E-02-0.1284159804876E-01-0.1097481550368E-01 0.1633939443893E-10
-0.7709382866377E-09 0.8303848548133E-09 0.1633939443893E-10-0.3066997919588E-03
 0.3992993108780E-01-0.1794177279546E+00-0.1466946068764E+00 0.4955825475466E-09
-0.1794177279546E+00 0.2054170792755E+00-0.6691538738401E-02-0.8423020270420E-08
-0.1466946068764E+00-0.6691538738401E-02-0.9849390132025E-02 0.1190040675722E-09
 0.4955825475466E-09-0.8423020270420E-08 0.1190040675722E-09-0.2476500593893E-01
    4    4    0  0.235200
-0.2987392702648E-01 0.2430967008179E-01 0.2834224170544E-02-0.8103646630359E-09
 0.2430967008179E-01-0.3966812587190E-01-0.1336064709679E-01 0.8741759574312E-09
 0.2834224170544E-02-0.1336064709679E-01-0.1114675457743E-01 0.3545058385328E-10
-0.8103646630359E-09 0.8741759574312E-09 0.3545058385328E-10-0.3133361161564E-03
 0.5217237830952E-01-0.1835141020371E+00-0.1478412220792E+00 0.6993012808324E-09
-0.1835141020371E+00 0.2080427507973E+00-0.5832047452753E-02-0.8548067836879E-08
-0.1478412220792E+00-0.5832047452753E-02-0.9574945242117E-02 0.8627797029015E-10
 0.6993012808324E-09-0.8548067836879E-08 0.8627797029015E-10-0.2503146125960E-01
    4    4    0  0.238875
-0.2894043364443E-01 0.2368804829775E-01 0.2361861352438E-02-0.8016136984399E-09
 0.2368804829775E-01-0.3949645378814E-01-0.1298044243361E-01 0.8649110105205E-09
 0.2361861352438E-02-0.1298044243361E-01-0.1079607163187E-01 0.2358926651078E-10
-0.8016136984399E-09 0.8649110105205E-09 0.2358926651078E-10-0.3271761109251E-03
 0.4747626471278E-01-0.1818295327673E+00-0.1454669786263E+00 0.5648694909696E-09
-0.1818295327673E+00 0.2088179818899E+00-0.6032714941093E-02-0.8583285712719E-08
-0.1454669786263E+00-0.6032714941093E-02-0.1022165867281E-01 0.9515601695997E-10
 0.5648694909696E-09-0.8583285712719E-08 0.9515601695997E-10-0.2557821685815E-01
    4    4    0  0.242550
-0.2873282165890E-01 0.2381836641239E-01 0.2323555404859E-02-0.8052369151169E-09
 0.2381836641239E-01-0.3976649122078E-01-0.1285730629936E-01 0.8703101368841E-09
 0.2323555404859E-02-0.1285730629936E-01-0.1059445672202E-01 0.2150272654777E-10
-0.8052369151169E-09 0.8703101368841E-09 0.2150272654777E-10-0.3377733998964E-03
 0.4750821737900E-01-0.1817980816672E+00-0.1440825512428E+00 0.5370371226657E-09
-0.1817980816672E+00 0.2100793703815E+00-0.5924470941875E-02-0.8626587995144E-08
-0.1440825512428E+00-0.5924470941875E-02-0.1053948609860E-01 0.9416778420143E-10
 0.5370371226657E-09-0.8626587995144E-08 0.9416778420143E-10-0.2598908826648E-01
    4    4    0  0.246225
-0.3110132841031E-01 0.2660546326703E-01 0.3710480031352E-02-0.8599579465758E-09
 0.2660546326703E-01-0.4160827799996E-01-0.1360163371222E-01 0.9220965803104E-09
 0.3710480031352E-02-0.1360163371222E-01-0.1086930912470E-01 0.4464581886846E-10
-0.8599579465758E-09 0.9220965803104E-09 0.4464581886846E-10-0.3516740061403E-03
 0.6381819922048E-01-0.1874829383018E+00-0.1459148078434E+00 0.7792500285221E-09
-0.1874829383018E+00 0.2131194655595E+00-0.4763751865902E-02-0.8766162060778E-08
-0.1459148078434E+00-0.4763751865902E-02-0.1038651948547E-01 0.3017197799230E-10
 0.7792500285221E-09-0.8766162060778E-08 0.3017197799230E-10-0.2651837735748E-01
    4    4    0  0.249900
-0.2784347109035E-01 0.2478941227380E-01 0.2520192246130E-02-0.1870385470163E-08
 0.2478941227380E-01-0.4063083646451E-01-0.1210741979623E-01 0.1072225321153E-07
 0.2520192246130E-02-0.1210741979623E-01-0.9226479287875E-02 0.7457141913990E-08
-0.1870385470163E-08 0.1072225321153E-07 0.7457141913990E-08-0.3573783489406E-03
 0.5239033455635E-01-0.1829593721298E+00-0.1344319082786E+00 0.1089919702904E-06
-0.1829593721298E+00 0.2129524840371E+00-0.5177950800264E-02-0.4918806311239E-08
-0.1344319082786E+00-0.5177950800264E-02-0.1077685179903E-01 0.2179557122895E-08
 0.1089919702904E-06-0.4918806311239E-08 0.2179557122895E-08-0.2673254530689E-01
    4    4    0  0.253575
-0.2579159818204E-01 0.2152542090862E-01 0.8032552268012E-03-0.7213264653201E-09
 0.2152542090862E-01-0.3895661005328E-01-0.1162818912727E-01 0.7179230116018E-09
 0.8032552268012E-03-0.1162818912727E-01-0.9532264523540E-02-0.6939385695021E-10
-0.7213264653201E-09 0.7179230116018E-09-0.6939385695021E-10-0.3704479619705E-03
 0.3031226859184E-01-0.1757460146801E+00-0.1365595311940E+00-0.7617418880838E-09
-0.1757460146801E+00 0.2118169427974E+00-0.6630624410928E-02-0.8259906839901E-08
-0.1365595311940E+00-0.6630624410928E-02-0.1205546510002E-01 0.2995332715594E-09
-0.7617418880838E-09-0.8259906839901E-08 0.2995332715594E-09-0.2721688248585E-01
   10   10    0  0.257250
-0.3375305050450E-01 0.2670175595792E-01 0.3498434722738E-02-0.8774304912231E-09
 0.4321476876251E-01-0.7070153921774E-03-0.4347397735671E-04 0.4321446717140E-01
-0.4348034531400E-04 0.7070196475801E-03 0.2670175595792E-01-0.4175495390548E-01
-0.1288720777887E-01 0.9113508308887E-09-0.9641415029069E-02 0.3168656238275E-03
-0.1691227277808E-03-0.9641231955156E-02-0.1691209360426E-03-0.3168661482216E-03
 0.3498434722738E-02-0.1288720777887E-01-0.1015198025127E-01 0.2925819517761E-10
-0.5644156745382E-02 0.2629256942256E-03-0.2283080413277E-03-0.5644034863133E-02
-0.2283067419205E-03-0.2629263347693E-03-0.8774304912316E-09 0.9113508308882E-09
 0.2925819517761E-10-0.4361081122093E-03-0.1133690474704E-04-0.5818488669998E-04
-0.2122257570000E-04 0.1133813529322E-04 0.2122237396969E-04-0.5818485328807E-04
 0.4321476876251E-01-0.9641415029069E-02-0.5644156745382E-02-0.1133690474704E-04
-0.8227033977236E+00 0.7192231495456E-03-0.4379092358105E-02-0.1821225589575E-01
-0.1644955875350E-02-0.3774428232987E-02-0.7070153921774E-03 0.3168656238275E-03
 0.2629256942256E-03-0.5818488669998E-04 0.7192231495456E-03-0.1665599844100E-03
-0.4744289002843E-04 0.3774400389661E-02 0.3715928599430E-05 0.9431727354938E-05
-0.4347397735671E-04-0.1691227277808E-03-0.2283080413277E-03-0.2122257570000E-04
-0.4379092358105E-02-0.4744289002843E-04-0.3564841235165E-03-0.1644940011374E-02
 0.1935035021379E-04-0.3716679941438E-05 0.4321446717140E-01-0.9641231955156E-02
-0.5644034863133E-02 0.1133813529322E-04-0.1821225589575E-01 0.3774400389661E-02
-0.1644940011374E-02-0.8226918929292E+00-0.4378933617306E-02-0.7193147778347E-03
-0.4348034531400E-04-0.1691209360426E-03-0.2283067419205E-03 0.2122237396969E-04
-0.1644955875350E-02 0.3715928599430E-05 0.1935035021379E-04-0.4378933617306E-02
-0.3564822243298E-03 0.4744213122191E-04 0.7070196475801E-03-0.3168661482216E-03
-0.2629263347693E-03-0.5818485328807E-04-0.3774428232987E-02 0.9431727354938E-05
-0.3716679941438E-05-0.7193147778347E-03 0.4744213122191E-04-0.1665598089263E-03
 0.4965812250011E-01-0.1820317563428E+00-0.1387614194635E+00 0.5268509383427E-09
 0.5927265683251E-01 0.3326813848442E-02-0.5967345471205E-03 0.5927295766379E-01
-0.5967401087599E-03-0.3326802556763E-02-0.1820317563428E+00 0.2147941519100E+00
-0.5469005983882E-02-0.8701323139482E-08-0.2643775230529E-01 0.7717421392801E-03
-0.2230015231945E-03-0.2643777725116E-01-0.2229974053114E-03-0.7717481276684E-03
-0.1387614194635E+00-0.5469005983882E-02-0.1167796114147E-01 0.8128668154615E-10
-0.1439122516368E-01-0.5554328309083E-02-0.5553937750917E-02-0.1439122212096E-01
-0.5553935995330E-02 0.5554324735236E-02 0.5268509383427E-09-0.8701323139482E-08
 0.8128668154648E-10-0.2755090631621E-01 0.1474560468464E-04-0.7515490421093E-02
 0.4751397885634E-05-0.1474295017106E-04-0.4751388959199E-05-0.7515490021007E-02
 0.5927265683251E-01-0.2643775230529E-01-0.1439122516368E-01 0.1474560468464E-04
-0.9806795355346E+00 0.1072272772254E-02-0.5074065314651E-02 0.1252116226453E-05
-0.1850974057817E-02-0.4823823671647E-02 0.3326813848442E-02 0.7717421392801E-03
-0.5554328309083E-02-0.7515490421093E-02 0.1072272772254E-02 0.1140018692131E-01
-0.7723935302442E-02 0.4823848909446E-02-0.2042584153785E-02 0.6651252511360E-03
-0.5967345471205E-03-0.2230015231945E-03-0.5553937750917E-02 0.4751397885634E-05
-0.5074065314651E-02-0.7723935302442E-02-0.2363234743542E-01-0.1850975017174E-02
 0.2851269170336E-02 0.2042573882685E-02 0.5927295766379E-01-0.2643777725116E-01
-0.1439122212096E-01-0.1474295017106E-04 0.1252116226451E-05 0.4823848909446E-02
-0.1850975017174E-02-0.9806774536564E+00-0.5073941728148E-02-0.1072393324890E-02
-0.5967401087599E-03-0.2229974053114E-03-0.5553935995330E-02-0.4751388959199E-05
-0.1850974057817E-02-0.2042584153785E-02 0.2851269170336E-02-0.5073941728148E-02
-0.2363233650926E-01 0.7723889253752E-02-0.3326802556763E-02-0.7717481276684E-03
 0.5554324735236E-02-0.7515490021007E-02-0.4823823671647E-02 0.6651252511360E-03
 0.2042573882685E-02-0.1072393324890E-02 0.7723889253752E-02 0.1140019351478E-01
   10   10    0  0.260925
-0.3370308980666E-01 0.2691964514779E-01 0.3506241889619E-02-0.8967521429710E-09
 0.4361745396100E-01-0.7283311707257E-03-0.3729694054535E-04 0.4361716227338E-01
-0.3730331414886E-04 0.7283369134776E-03 0.2691964514779E-01-0.4207967323799E-01
-0.1280140566096E-01 0.9104938155340E-09-0.9778565988045E-02 0.3245075487481E-03
-0.1755951941773E-03-0.9778385238361E-02-0.1755937569627E-03-0.3245091387388E-03
 0.3506241889619E-02-0.1280140566096E-01-0.9983081056163E-02 0.2680613780807E-10
-0.5689411425310E-02 0.2707800853385E-03-0.2388986708769E-03-0.5689291287207E-02
-0.2388976763247E-03-0.2707811659941E-03-0.8967521429778E-09 0.9104938155340E-09
 0.2680613781484E-10-0.4508913190374E-03-0.1231051899429E-04-0.6151003684213E-04
-0.2155626504675E-04 0.1231164841683E-04 0.2155629740442E-04-0.6151000080388E-04
 0.4361745396100E-01-0.9778565988045E-02-0.5689411425310E-02-0.1231051899429E-04
-0.8254600495845E+00 0.7912895247764E-03-0.4664741314686E-02-0.1825517792711E-01
-0.1693129274256E-02-0.3871111521534E-02-0.7283311707257E-03 0.3245075487481E-03
 0.2707800853385E-03-0.6151003684213E-04 0.7912895247764E-03-0.1737263746499E-03
-0.4674426969057E-04 0.3871067570172E-02 0.4477172200153E-05 0.1075944547061E-04
-0.3729694054535E-04-0.1755951941773E-03-0.2388986708769E-03-0.2155626504675E-04
-0.4664741314686E-02-0.4674426969057E-04-0.3618773447932E-03-0.1693116710648E-02
 0.2011405060608E-04-0.4478079600270E-05 0.4361716227338E-01-0.9778385238361E-02
-0.5689291287207E-02 0.1231164841683E-04-0.1825517792711E-01 0.3871067570172E-02
-0.1693116710648E-02-0.8254487613677E+00-0.4664578384548E-02-0.7913829700647E-03
-0.3730331414886E-04-0.1755937569627E-03-0.2388976763247E-03 0.2155629740442E-04
-0.1693129274256E-02 0.4477172200153E-05 0.2011405060608E-04-0.4664578384548E-02
-0.3618756865053E-03 0.4674375491527E-04 0.7283369134776E-03-0.3245091387388E-03
-0.2707811659941E-03-0.6151000080388E-04-0.3871111521534E-02 0.1075944547061E-04
-0.4478079600270E-05-0.7913829700647E-03 0.4674375491527E-04-0.1737268377384E-03
 0.4992895735107E-01-0.1821636657229E+00-0.1375045889417E+00 0.4380200271664E-09
 0.5965925572297E-01 0.3467303358397E-02-0.6201525050437E-03 0.5965956138787E-01
-0.6201620374853E-03-0.3467297581204E-02-0.1821636657229E+00 0.2160299297644E+00
-0.5290494855824E-02-0.8687387141421E-08-0.2670640138832E-01 0.8592301028105E-03
-0.2569641305924E-03-0.2670642903051E-01-0.2569585833954E-03-0.8592350288534E-03
-0.1375045889417E+00-0.5290494855824E-02-0.1188724384861E-01 0.8251296552819E-10
-0.1439815838408E-01-0.5776541833296E-02-0.5795416316237E-02-0.1439815616093E-01
-0.5795413764497E-02 0.5776539172256E-02 0.4380200271655E-09-0.8687387141421E-08
 0.8251296552821E-10-0.2790828862380E-01 0.1495781377359E-04-0.7832543786764E-02
 0.4278211270727E-05-0.1495507374470E-04-0.4278231614364E-05-0.7832543365883E-02
 0.5965925572297E-01-0.2670640138832E-01-0.1439815838408E-01 0.1495781377359E-04
-0.9811185678918E+00 0.1167754516767E-02-0.5391950635866E-02 0.9755970327997E-04
-0.1897206070507E-02-0.4938424749833E-02 0.3467303358397E-02 0.8592301028105E-03
-0.5776541833296E-02-0.7832543786764E-02 0.1167754516767E-02 0.1152015407117E-01
-0.7735560671484E-02 0.4938430355250E-02-0.2202149924309E-02 0.6814417872908E-03
-0.6201525050437E-03-0.2569641305924E-03-0.5795416316237E-02 0.4278211270727E-05
-0.5391950635866E-02-0.7735560671484E-02-0.2362482932105E-01-0.1897210324400E-02
 0.3061692497696E-02 0.2202148895284E-02 0.5965956138787E-01-0.2670642903051E-01
-0.1439815616093E-01-0.1495507374470E-04 0.9755970327997E-04 0.4938430355250E-02
-0.1897210324400E-02-0.9811165572203E+00-0.5391825556577E-02-0.1167878123873E-02
-0.6201620374853E-03-0.2569585833954E-03-0.5795413764497E-02-0.4278231614364E-05
-0.1897206070507E-02-0.2202149924309E-02 0.3061692497696E-02-0.5391825556577E-02
-0.2362481741109E-01 0.7735567551981E-02-0.3467297581204E-02-0.8592350288534E-03
 0.5776539172256E-02-0.7832543365883E-02-0.4938424749833E-02 0.6814417872908E-03
 0.2202148895284E-02-0.1167878123873E-02 0.7735567551981E-02 0.1152016108432E-01
   10   10    0  0.264600
-0.3365578419752E-01 0.2713591329361E-01 0.3515398481559E-02-0.8933891623956E-09
 0.4401117320161E-01-0.7489128766823E-03-0.3019989104891E-04 0.4401088818349E-01
-0.3020615405800E-04 0.7489185804722E-03 0.2713591329361E-01-0.4240603661133E-01
-0.1271880654513E-01 0.9099353897889E-09-0.9913126951319E-02 0.3319928849449E-03
-0.1821242510881E-03-0.9912948522301E-02-0.1821228895977E-03-0.3319944028183E-03
 0.3515398481559E-02-0.1271880654513E-01-0.9819409061171E-02 0.2498691676134E-10
-0.5733798975410E-02 0.2783491390013E-03-0.2495887079566E-03-0.5733680450539E-02
-0.2495877459626E-03-0.2783501821461E-03-0.8933891624007E-09 0.9099353897855E-09
 0.2498691675795E-10-0.4655057641064E-03-0.1323831256785E-04-0.6487699060043E-04
-0.2185816897856E-04 0.1323942190787E-04 0.2185820379120E-04-0.6487695228330E-04
 0.4401117320161E-01-0.9913126951319E-02-0.5733798975410E-02-0.1323831256785E-04
-0.8281706224215E+00 0.8660648843917E-03-0.4956298388220E-02-0.1829477490300E-01
-0.1738664810906E-02-0.3961302773605E-02-0.7489128766823E-03 0.3319928849449E-03
 0.2783491390013E-03-0.6487699060043E-04 0.8660648843917E-03-0.1808548457888E-03
-0.4631677214924E-04 0.3961258367043E-02 0.5224137703250E-05 0.1217805762465E-04
-0.3019989104891E-04-0.1821242510881E-03-0.2495887079566E-03-0.2185816897856E-04
-0.4956298388220E-02-0.4631677214924E-04-0.3689989658197E-03-0.1738652172825E-02
 0.2097568415643E-04-0.5225060104818E-05 0.4401088818349E-01-0.9912948522301E-02
-0.5733680450539E-02 0.1323942190787E-04-0.1829477490300E-01 0.3961258367043E-02
-0.1738652172825E-02-0.8281595351849E+00-0.4956135793055E-02-0.8661572441723E-03
-0.3020615405800E-04-0.1821228895977E-03-0.2495877459626E-03 0.2185820379120E-04
-0.1738664810906E-02 0.5224137703250E-05 0.2097568415643E-04-0.4956135793055E-02
-0.3689972285635E-03 0.4631623309553E-04 0.7489185804722E-03-0.3319944028183E-03
-0.2783501821461E-03-0.6487695228330E-04-0.3961302773605E-02 0.1217805762465E-04
-0.5225060104818E-05-0.8661572441723E-03 0.4631623309553E-04-0.1808553366505E-03
 0.5018283286451E-01-0.1822935472437E+00-0.1362747146291E+00 0.4184518055117E-09
 0.6003386889826E-01 0.3607398948307E-02-0.6439403465231E-03 0.6003417581590E-01
-0.6439503238018E-03-0.3607392638671E-02-0.1822935472437E+00 0.2172676134570E+00
-0.5102841862567E-02-0.8671300126282E-08-0.2696937600555E-01 0.9471995263128E-03
-0.2909917667933E-03-0.2696940573110E-01-0.2909860097571E-03-0.9472047068776E-03
-0.1362747146291E+00-0.5102841862567E-02-0.1207580588722E-01 0.7886984769783E-10
-0.1440385296692E-01-0.5994316651489E-02-0.6032111464490E-02-0.1440385110694E-01
-0.6032108834702E-02 0.5994313872317E-02 0.4184518055118E-09-0.8671300126282E-08
 0.7886984769758E-10-0.2825170782944E-01 0.1512595419170E-04-0.8143268200912E-02
 0.3797553923124E-05-0.1512319991584E-04-0.3797574021929E-05-0.8143267761576E-02
 0.6003386889826E-01-0.2696937600555E-01-0.1440385296692E-01 0.1512595419170E-04
-0.9815423609477E+00 0.1266269837528E-02-0.5715032397480E-02 0.1929130683988E-03
-0.1940217363586E-02-0.5044740057817E-02 0.3607398948307E-02 0.9471995263128E-03
-0.5994316651489E-02-0.8143268200912E-02 0.1266269837528E-02 0.1162096210876E-01
-0.7756028907775E-02 0.5044745384481E-02-0.2362812288555E-02 0.6975412566415E-03
-0.6439403465231E-03-0.2909917667933E-03-0.6032111464490E-02 0.3797553923124E-05
-0.5715032397480E-02-0.7756028907775E-02-0.2367295937486E-01-0.1940221663526E-02
 0.3273356015724E-02 0.2362811184444E-02 0.6003417581590E-01-0.2696940573110E-01
-0.1440385110694E-01-0.1512319991584E-04 0.1929130683988E-03 0.5044745384481E-02
-0.1940221663526E-02-0.9815404171126E+00-0.5714910806814E-02-0.1266392662709E-02
-0.6439503238018E-03-0.2909860097571E-03-0.6032108834702E-02-0.3797574021929E-05
-0.1940217363586E-02-0.2362812288555E-02 0.3273356015724E-02-0.5714910806814E-02
-0.2367294681863E-01 0.7756036201995E-02-0.3607392638671E-02-0.9472047068776E-03
 0.5994313872317E-02-0.8143267761576E-02-0.5044740057817E-02 0.6975412566415E-03
 0.2362811184444E-02-0.1266392662709E-02 0.7756036201995E-02 0.1162096944800E-01
   10   10    0  0.268275
-0.3361091626524E-01 0.2735046140921E-01 0.3526092201663E-02-0.8888937598069E-09
 0.4439581470544E-01-0.7686740590827E-03-0.2247646896445E-04 0.4439553631875E-01
-0.2248258982913E-04 0.7686796997139E-03 0.2735046140921E-01-0.4273423011923E-01
-0.1263951864555E-01 0.9085373688424E-09-0.1004501666155E-01 0.3392918306623E-03
-0.1885897785575E-03-0.1004484047614E-01-0.1885885033648E-03-0.3392932663421E-03
 0.3526092201663E-02-0.1263951864555E-01-0.9661400621339E-02 0.2324183192434E-10
-0.5777228384274E-02 0.2856194533948E-03-0.2602730192225E-03-0.5777111406500E-02
-0.2602720943367E-03-0.2856204544074E-03-0.8888937598103E-09 0.9085373688407E-09
 0.2324183193112E-10-0.4798955385508E-03-0.1413321941106E-04-0.6829498697149E-04
-0.2211910383762E-04 0.1413430919400E-04 0.2211914111833E-04-0.6829494636509E-04
 0.4439581470544E-01-0.1004501666155E-01-0.5777228384274E-02-0.1413321941106E-04
-0.8308300349197E+00 0.9413143427726E-03-0.5249175409500E-02-0.1833070894240E-01
-0.1781675878198E-02-0.4045274800027E-02-0.7686740590827E-03 0.3392918306623E-03
 0.2856194533948E-03-0.6829498697149E-04 0.9413143427726E-03-0.1878570963778E-03
-0.4612175283130E-04 0.4045230007922E-02 0.5918927700159E-05 0.1366158397829E-04
-0.2247646896445E-04-0.1885897785575E-03-0.2602730192225E-03-0.2211910383762E-04
-0.5249175409500E-02-0.4612175283130E-04-0.3775036468096E-03-0.1781663183454E-02
 0.2195195992037E-04-0.5919860299816E-05 0.4439553631875E-01-0.1004484047614E-01
-0.5777111406500E-02 0.1413430919400E-04-0.1833070894240E-01 0.4045230007922E-02
-0.1781663183454E-02-0.8308191329830E+00-0.5249013656464E-02-0.9414052936514E-03
-0.2248258982913E-04-0.1885885033648E-03-0.2602720943367E-03 0.2211914111833E-04
-0.1781675878198E-02 0.5918927700159E-05 0.2195195992037E-04-0.5249013656464E-02
-0.3775018385984E-03 0.4612119154876E-04 0.7686796997139E-03-0.3392932663421E-03
-0.2856204544074E-03-0.6829494636509E-04-0.4045274800027E-02 0.1366158397829E-04
-0.5919860299816E-05-0.9414052936514E-03 0.4612119154876E-04-0.1878576129198E-03
 0.5042107867954E-01-0.1824176008460E+00-0.1350758580318E+00 0.3995899827881E-09
 0.6039685388618E-01 0.3747012009320E-02-0.6678121531751E-03 0.6039716270392E-01
-0.6678225587078E-03-0.3747005166159E-02-0.1824176008460E+00 0.2185112079331E+00
-0.4906440562348E-02-0.8646425311737E-08-0.2722663123326E-01 0.1035359197589E-02
-0.3250065317016E-03-0.2722666325243E-01-0.3250005757805E-03-0.1035364628478E-02
