                  12                   1               33590                   1               33589
T-Matrices                                                  
    3    3    2   26    2    1    0    0   10   26   26     0.00000000
    1    2   -2  0.000000
    1    4   -2  0.000000
    1    4   -4  0.000000
    2    3   -2  0.135000
    3    1   -1  0.256000
    3    3   -1  0.256000
    3    3   -3  0.256000
    4    1    1  0.256000
    4    3    1  0.256000
    4    3    3  0.256000
    5    1   -1  0.824000
    5    3   -1  0.824000
    5    3   -3  0.824000
    6    1    1  0.824000
    6    3    1  0.824000
    6    3    3  0.824000
    7    2   -1  0.886200
    7    4   -3  0.886200
    7    4   -1  0.886200
    8    2    1  0.886200
    8    4    1  0.886200
    8    4    3  0.886200
    9    3   -2  1.020400
   10    1    0  1.107800
   10    3    0  1.107800
   10    3    2  1.107800
    1   99     0.00735000     0.00367500
    3    3    0  0.007350
-0.4241370165337E-01-0.1067797433205E-02 0.9252218728901E-05-0.1067797433205E-02
-0.4526106376729E-03 0.8947653730762E-06 0.9252218728901E-05 0.8947653730762E-06
-0.1043414169189E-03
 0.2880694128243E+00 0.6584090061903E-02-0.6399163577554E-04 0.6584090061903E-02
 0.2933458144628E-01-0.9119334324391E-04-0.6399163577554E-04-0.9119334324391E-04
-0.1444504929542E-01
    3    3    0  0.011025
-0.4502119264702E-01-0.1174018717035E-02 0.1174723480144E-04-0.1174018717035E-02
-0.4854016646472E-03 0.1048859940290E-05 0.1174723480144E-04 0.1048859940290E-05
-0.1044092087024E-03
 0.2965886513384E+00 0.7018882096676E-02-0.7899442651550E-04 0.7018882096676E-02
 0.3033010746995E-01-0.9627276127103E-04-0.7899442651550E-04-0.9627276127103E-04
-0.1444963212197E-01
    3    3    0  0.014700
-0.4798071766348E-01-0.1294186384151E-02 0.1435491459407E-04-0.1294186384151E-02
-0.5207699762085E-03 0.1213600383068E-05 0.1435491459407E-04 0.1213600383068E-05
-0.1049908467743E-03
 0.3059436851504E+00 0.7487569927139E-02-0.9353168910998E-04 0.7487569927139E-02
 0.3136112058770E-01-0.1012089387807E-03-0.9353168910998E-04-0.1012089387807E-03
-0.1448970225740E-01
    3    3    0  0.018375
-0.5141172830847E-01-0.1431890870743E-02 0.1706602470009E-04-0.1431890870743E-02
-0.5592157009368E-03 0.1389000198584E-05 0.1706602470009E-04 0.1389000198584E-05
-0.1060423924317E-03
 0.3164084276944E+00 0.7995971880898E-02-0.1073508502164E-03 0.7995971880898E-02
 0.3243642349335E-01-0.1059760259321E-03-0.1073508502164E-03-0.1059760259321E-03
-0.1456195356307E-01
    3    3    0  0.022050
-0.5549282902884E-01-0.1592726484929E-02 0.1987117010035E-04-0.1592726484929E-02
-0.6014401014632E-03 0.1575099303211E-05 0.1987117010035E-04 0.1575099303211E-05
-0.1075354865901E-03
 0.3283755165471E+00 0.8554093190377E-02-0.1201401981426E-03 0.8554093190377E-02
 0.3356779649984E-01-0.1105460525529E-03-0.1201401981426E-03-0.1105460525529E-03
-0.1466398165090E-01
    3    3    0  0.025725
-0.6050299241818E-01-0.1785542322566E-02 0.2275863893934E-04-0.1785542322566E-02
-0.6484288017046E-03 0.1771925899846E-05 0.2275863893934E-04 0.1771925899846E-05
-0.1094501049969E-03
 0.3424294586039E+00 0.9177835069631E-02-0.1314882593068E-03 0.9177835069631E-02
 0.3477072221399E-01-0.1148874450439E-03-0.1314882593068E-03-0.1148874450439E-03
-0.1479382375472E-01
    3    3    0  0.029400
-0.6690201007297E-01-0.2024939384447E-02 0.2570823346428E-04-0.2024939384447E-02
-0.7016002256207E-03 0.1979311733556E-05 0.2570823346428E-04 0.1979311733556E-05
-0.1117709449412E-03
 0.3594803990393E+00 0.9892574652390E-02-0.1408083938960E-03 0.9892574652390E-02
 0.3606564348007E-01-0.1189623972185E-03-0.1408083938960E-03-0.1189623972185E-03
-0.1494974090918E-01
    3    3    0  0.033075
-0.7550137391315E-01-0.2336575763710E-02 0.2867350429267E-04-0.2336575763710E-02
-0.7630825359754E-03 0.2196304067136E-05 0.2867350429267E-04 0.2196304067136E-05
-0.1144853192988E-03
 0.3810268387636E+00 0.1074041119318E-01-0.1471880357391E-03 0.1074041119318E-01
 0.3748001724414E-01-0.1227218461101E-03-0.1471880357391E-03-0.1227218461101E-03
-0.1513010177581E-01
    3    3    0  0.036750
-0.8786856193948E-01-0.2769647845156E-02 0.3152708004087E-04-0.2769647845156E-02
-0.8362824287276E-03 0.2419324235789E-05 0.3152708004087E-04 0.2419324235789E-05
-0.1175817686038E-03
 0.4097186903222E+00 0.1179577640501E-01-0.1490575712549E-03 0.1179577640501E-01
 0.3905173867057E-01-0.1260948998925E-03-0.1490575712549E-03-0.1260948998925E-03
-0.1533331646585E-01
    3    3    0  0.040425
-0.1074323538794E+00-0.3430738227752E-02 0.3387042977114E-04-0.3430738227752E-02
-0.9272347916481E-03 0.2635833656463E-05 0.3387042977114E-04 0.2635833656463E-05
-0.1210490280355E-03
 0.4507071034557E+00 0.1320273937754E-01-0.1433674910294E-03 0.1320273937754E-01
 0.4083516730132E-01-0.1289635765093E-03-0.1433674910294E-03-0.1289635765093E-03
-0.1555779750507E-01
    3    3    0  0.044100
-0.1431954960018E+00-0.4596343351262E-02 0.3422656893428E-04-0.4596343351262E-02
-0.1048575930675E-02 0.2798126796438E-05 0.3422656893428E-04 0.2798126796438E-05
-0.1248751550245E-03
 0.5153944991061E+00 0.1527774546029E-01-0.1231646395325E-03 0.1527774546029E-01
 0.4291269367736E-01-0.1310909529108E-03-0.1231646395325E-03-0.1310909529108E-03
-0.1580193603932E-01
    3    3    0  0.047775
-0.2269143267328E+00-0.7226485885117E-02 0.2527291683550E-04-0.7226485885117E-02
-0.1235967565463E-02 0.2673691696145E-05 0.2527291683550E-04 0.2673691696145E-05
-0.1290470871325E-03
 0.6339803848643E+00 0.1884637822839E-01-0.6846137413219E-04 0.1884637822839E-01
 0.4542006220359E-01-0.1318590181866E-03-0.6846137413219E-04-0.1318590181866E-03
-0.1606408420934E-01
    3    3    0  0.051450
-0.5535512767733E+00-0.1707059535118E-01-0.5881780207406E-04-0.1707059535118E-01
-0.1670191321288E-02 0.2608126470426E-06-0.5881780207406E-04 0.2608126470426E-06
-0.1335629753980E-03
 0.8942638805300E+00 0.2615780330363E-01 0.1007463104563E-03 0.2615780330363E-01
 0.4859980008767E-01-0.1289789946364E-03 0.1007463104563E-03-0.1289789946364E-03
-0.1634251714779E-01
    3    3    0  0.055125
-0.1805309503441E+01-0.5105416559409E-01-0.9192419530955E-03-0.5105416559409E-01
-0.2781066163718E-02-0.2365575188722E-04-0.9192419530955E-03-0.2365575188722E-04
-0.1388567772208E-03
-0.5903718989670E+00-0.1817054194957E-01-0.2883632468054E-03-0.1817054194957E-01
 0.5116327438049E-01-0.1427384034282E-03-0.2883632468054E-03-0.1427384034282E-03
-0.1663565989855E-01
    3    3    0  0.058800
-0.1041072132493E+00-0.2284378012179E-02-0.1475533641437E-03-0.2284378012179E-02
-0.1685506124430E-02-0.5184043700262E-06-0.1475533641437E-03-0.5184043700262E-06
-0.1437300960880E-03
-0.4441234522382E+00-0.1117452575247E-01-0.6030251956906E-03-0.1117452575247E-01
 0.5690395475384E-01-0.1511369362433E-03-0.6030251956906E-03-0.1511369362433E-03
-0.1694199751539E-01
    3    3    0  0.062475
-0.7941129555927E-02-0.4148802096643E-04-0.3478990277888E-04-0.4148802096643E-04
-0.2170939317186E-02 0.3234257685546E-05-0.3478990277888E-04 0.3234257685546E-05
-0.1490774990728E-03
-0.1257659192166E+00-0.1376521648052E-02-0.4831080456836E-03-0.1376521648052E-02
 0.6584259708423E-01-0.1467054608761E-03-0.4831080456836E-03-0.1467054608761E-03
-0.1725910302916E-01
    3    3    0  0.066150
-0.4348588168936E-04-0.1301965385586E-03-0.1736861349365E-05-0.1301965385586E-03
-0.3450860001237E-02 0.5256556728234E-05-0.1736861349365E-05 0.5256556728234E-05
-0.1547450427366E-03
 0.8873925458111E-02 0.2829950526926E-02-0.4446854849404E-03 0.2829950526926E-02
 0.8295641028552E-01-0.1412852123816E-03-0.4446854849404E-03-0.1412852123816E-03
-0.1758545996285E-01
    3    3    0  0.069825
-0.2988913631805E-02-0.5891314221109E-03 0.1287012929979E-04-0.5891314221109E-03
-0.9861327866191E-02 0.8635814157387E-05 0.1287012929979E-04 0.8635814157387E-05
-0.1606593167532E-03
 0.7706671743877E-01 0.5393357609821E-02-0.4232899046149E-03 0.5393357609821E-02
 0.1399855692544E+00-0.1220200703180E-03-0.4232899046149E-03-0.1220200703180E-03
-0.1791922204316E-01
    3    3    0  0.073500
-0.7163119487705E-02 0.3758314971946E-03 0.2155015994658E-04 0.3758314971946E-03
-0.3747935696311E-01-0.3744991769622E-04 0.2155015994658E-04-0.3744991769622E-04
-0.1668210885862E-03
 0.1193782627377E+00 0.4842271018478E-02-0.4120412742422E-03 0.4842271018478E-02
-0.2711648087029E+00-0.2607844281187E-03-0.4120412742422E-03-0.2607844281187E-03
-0.1825855126951E-01
    3    3    0  0.077175
-0.1112913698958E-01-0.5129926473570E-03 0.2704854628500E-04-0.5129926473570E-03
-0.1087433834899E-03-0.1235493243591E-05 0.2704854628500E-04-0.1235493243591E-05
-0.1731188144038E-03
 0.1485854737375E+00 0.7506427389103E-02-0.4036557768244E-03 0.7506427389103E-02
-0.1268204453041E-01-0.1762760741859E-03-0.4036557768244E-03-0.1762760741859E-03
-0.1860142237284E-01
    3    3    0  0.080850
-0.1463816676873E-01-0.8349161195023E-03 0.3103741072613E-04-0.8349161195023E-03
-0.2151360850224E-03 0.1742576995751E-05 0.3103741072613E-04 0.1742576995751E-05
-0.1795848994512E-03
 0.1702478344571E+00 0.8767914296493E-02-0.3976234659306E-03 0.8767914296493E-02
 0.1877831305928E-01-0.1656384117562E-03-0.3976234659306E-03-0.1656384117562E-03
-0.1894600330689E-01
    3    3    0  0.084525
-0.1772844553013E-01-0.1116773312262E-02 0.3402629548761E-04-0.1116773312262E-02
-0.6774408459230E-03 0.3256531612437E-05 0.3402629548761E-04 0.3256531612437E-05
-0.1861661000833E-03
 0.1871960825079E+00 0.9940714763130E-02-0.3922022468054E-03 0.9940714763130E-02
 0.3541655397648E-01-0.1595836438677E-03-0.3922022468054E-03-0.1595836438677E-03
-0.1929033655523E-01
    3    3    0  0.088200
-0.2048020222078E-01-0.1446507059318E-02 0.3629988360906E-04-0.1446507059318E-02
-0.1422330171128E-02 0.4695237294300E-05 0.3629988360906E-04 0.4695237294300E-05
-0.1928226455949E-03
 0.2010247007547E+00 0.1130452720741E-01-0.3865349951066E-03 0.1130452720741E-01
 0.5208386708320E-01-0.1528682444569E-03-0.3865349951066E-03-0.1528682444569E-03
-0.1963247291830E-01
    3    3    0  0.091875
-0.2299282235514E-01-0.2102854618501E-02 0.3800589502515E-04-0.2102854618501E-02
-0.3916349521826E-02 0.7335388022801E-05 0.3800589502515E-04 0.7335388022801E-05
-0.1995118107406E-03
 0.2127467849255E+00 0.1382796793955E-01-0.3797300764124E-03 0.1382796793955E-01
 0.8730239048095E-01-0.1382667542840E-03-0.3797300764124E-03-0.1382667542840E-03
-0.1997045331574E-01
    3    3    0  0.095550
-0.2486367200923E-01-0.3683560448614E-03 0.3757969311341E-04-0.3683560448614E-03
-0.4563378196879E-01-0.4782138839996E-04 0.3757969311341E-04-0.4782138839996E-04
-0.2062290408740E-03
 0.2214133372465E+00-0.9219157010513E-02-0.3820571008402E-03-0.9219157010513E-02
-0.2984960828136E+00-0.2821288526467E-03-0.3820571008402E-03-0.2821288526467E-03
-0.2030237148449E-01
    3    3    0  0.099225
-0.2720897668351E-01-0.1240259143802E-02 0.4002048334469E-04-0.1240259143802E-02
-0.8956926522030E-04 0.8920706011837E-06 0.4002048334469E-04 0.8920706011837E-06
-0.2128225414010E-03
 0.2314563985885E+00 0.1019246829161E-01-0.3664055513816E-03 0.1019246829161E-01
 0.8583604308066E-02-0.1661067576303E-03-0.3664055513816E-03-0.1661067576303E-03
-0.2062610827204E-01
    3    3    0  0.102900
-0.2923671604951E-01-0.1869300607173E-02 0.4047516739670E-04-0.1869300607173E-02
-0.1058499490515E-02 0.4082988038451E-05 0.4047516739670E-04 0.4082988038451E-05
-0.2193370461729E-03
 0.2396803599085E+00 0.1297494366565E-01-0.3556988378928E-03 0.1297494366565E-01
 0.4409095860705E-01-0.1498813312239E-03-0.3556988378928E-03-0.1498813312239E-03
-0.2093980283143E-01
    3    3    0  0.106575
-0.3151097896759E-01-0.5308560987487E-02 0.4022891928590E-04-0.5308560987487E-02
-0.1803210642103E-01 0.1163165479749E-04 0.4022891928590E-04 0.1163165479749E-04
-0.2256866201409E-03
 0.2478608908086E+00 0.2378438640223E-01-0.3398126253428E-03 0.2378438640223E-01
 0.1874704512969E+00-0.8876396118038E-04-0.3398126253428E-03-0.8876396118038E-04
-0.2124140297882E-01
    3    3    0  0.110250
-0.3286840770585E-01-0.1598821215350E-02 0.4013417348674E-04-0.1598821215350E-02
-0.1883625896571E-03 0.1495031650582E-05 0.4013417348674E-04 0.1495031650582E-05
-0.2318426025153E-03
 0.2540031103851E+00 0.1167198323437E-01-0.3317659245366E-03 0.1167198323437E-01
 0.1542317133456E-01-0.1551151069584E-03-0.3317659245366E-03-0.1551151069584E-03
-0.2152895054865E-01
    3    3    0  0.113925
-0.3501643273689E-01-0.4226761477062E-02 0.3925511603999E-04-0.4226761477062E-02
-0.8630621841981E-02 0.9084740434042E-05 0.3925511603999E-04 0.9084740434042E-05
-0.2377098233599E-03
 0.2614208881374E+00 0.2116292749793E-01-0.3124160523561E-03 0.2116292749793E-01
 0.1293097439696E+00-0.1052126502701E-03-0.3124160523561E-03-0.1052126502701E-03
-0.2180029457993E-01
    3    3    0  0.117600
-0.3653657500676E-01-0.2277708161333E-02 0.3819775732709E-04-0.2277708161333E-02
-0.9420638146863E-03 0.3481922873299E-05 0.3819775732709E-04 0.3481922873299E-05
-0.2432601406211E-03
 0.2674372817724E+00 0.1450003738290E-01-0.2975245083323E-03 0.1450003738290E-01
 0.4083849339776E-01-0.1362036903926E-03-0.2975245083323E-03-0.1362036903926E-03
-0.2205340251016E-01
    3    3    0  0.121275
-0.3835542550882E-01-0.2261748139434E-02 0.3654381530057E-04-0.2261748139434E-02
-0.7040823858170E-03 0.2854088492731E-05 0.3654381530057E-04 0.2854088492731E-05
-0.2484128911117E-03
 0.2739120822312E+00 0.1437671269894E-01-0.2772206770253E-03 0.1437671269894E-01
 0.3458100526768E-01-0.1331671298739E-03-0.2772206770253E-03-0.1331671298739E-03
-0.2228605269837E-01
    3    3    0  0.124950
-0.4256218962389E-01-0.1979219989008E-01 0.3069515320546E-04-0.1979219989008E-01
-0.1048180274144E+00-0.2433840103680E-05 0.3069515320546E-04-0.2433840103680E-05
-0.2530948113420E-03
 0.2834948854145E+00 0.5051435729024E-01-0.2383168146169E-03 0.5051435729024E-01
 0.4423864857719E+00 0.4110094480354E-04-0.2383168146169E-03 0.4110094480354E-04
-0.2249591370433E-01
    3    3    0  0.128625
-0.4229592595055E-01-0.2432593844349E-02 0.3162300549128E-04-0.2432593844349E-02
-0.6160632700578E-03 0.2275603988962E-05 0.3162300549128E-04 0.2275603988962E-05
-0.2572752638880E-03
 0.2873573566423E+00 0.1492266955529E-01-0.2270531771835E-03 0.1492266955529E-01
 0.3167220998833E-01-0.1205652173592E-03-0.2270531771835E-03-0.1205652173592E-03
-0.2268076812863E-01
    3    3    0  0.132300
-0.4432283833910E-01-0.1534265754432E-02 0.2822255341893E-04-0.1534265754432E-02
-0.1348194021208E-03-0.1194937073856E-05 0.2822255341893E-04-0.1194937073856E-05
-0.2608452753451E-03
 0.2942200257275E+00 0.1064636315832E-01-0.1983035453290E-03 0.1064636315832E-01
-0.1240584475430E-01-0.1289285483229E-03-0.1983035453290E-03-0.1289285483229E-03
-0.2283781437935E-01
    4    4    0  0.135975
-0.4742432102864E-01-0.6567895150065E-02 0.2240594561970E-04-0.6349931911595E-02
-0.6567895150065E-02-0.3893931585496E-01-0.1293948418311E-04-0.1839584013307E-02
 0.2240594561970E-04-0.1293948418311E-04-0.2637365397769E-03 0.1865987759606E-04
-0.6349931911595E-02-0.1839584013307E-02 0.1865987759606E-04-0.3901107538836E-01
 0.3024826053852E+00 0.1434935131785E-01-0.1616486693521E-03 0.2853874338639E-01
 0.1434935131785E-01 0.2644041972078E-01-0.1017135039194E-03 0.2746103237013E+00
-0.1616486693521E-03-0.1017135039194E-03-0.2296422138649E-01 0.1027868030705E-03
 0.2853874338639E-01 0.2746103237013E+00 0.1027868030705E-03-0.1520790578720E-01
    4    4    0  0.139650
-0.5044947664312E-01-0.6906970181257E-02 0.1711659946268E-04-0.6770307254387E-02
-0.6906970181257E-02-0.3924906949206E-01-0.1310689675011E-04-0.1869512619893E-02
 0.1711659946268E-04-0.1310689675011E-04-0.2658594114596E-03 0.1664680582281E-04
-0.6770307254387E-02-0.1869512619893E-02 0.1664680582281E-04-0.3936539651339E-01
 0.3116929077163E+00 0.1463738073861E-01-0.1213665211127E-03 0.2989186573201E-01
 0.1463738073861E-01 0.2577105168999E-01-0.9109811916174E-04 0.2757318257345E+00
-0.1213665211127E-03-0.9109811916174E-04-0.2305675942985E-01 0.1010727560615E-03
 0.2989186573201E-01 0.2757318257345E+00 0.1010727560615E-03-0.1450008943926E-01
    4    4    0  0.143325
-0.5425647141107E-01-0.7301344735428E-02 0.1049289134135E-04-0.7277177152557E-02
-0.7301344735428E-02-0.3954233756974E-01-0.1326905640980E-04-0.1914454376129E-02
 0.1049289134135E-04-0.1326905640980E-04-0.2671207896004E-03 0.1421608947824E-04
-0.7277177152557E-02-0.1914454376129E-02 0.1421608947824E-04-0.3970995641215E-01
 0.3228789648372E+00 0.1494287568522E-01-0.7452594412157E-04 0.3144503232002E-01
 0.1494287568522E-01 0.2514349765027E-01-0.7884246777779E-04 0.2767826087536E+00
-0.7452594412157E-04-0.7884246777779E-04-0.2311164589854E-01 0.9894962472745E-04
 0.3144503232002E-01 0.2767826087536E+00 0.9894962472745E-04-0.1374762466703E-01
    4    4    0  0.147000
-0.5948543394219E-01-0.7794782370657E-02 0.1933973963235E-05-0.7940202758587E-02
-0.7794782370657E-02-0.3982158291612E-01-0.1345408052559E-04-0.1979759351314E-02
 0.1933973963235E-05-0.1345408052559E-04-0.2674109070486E-03 0.1125516472793E-04
-0.7940202758587E-02-0.1979759351314E-02 0.1125516472793E-04-0.4005377566405E-01
 0.3375828299951E+00 0.1527910088971E-01-0.1907364537899E-04 0.3336056327420E-01
 0.1527910088971E-01 0.2455937688380E-01-0.6463599346850E-04 0.2777698885971E+00
-0.1907364537899E-04-0.6463599346850E-04-0.2312436269928E-01 0.9644796193968E-04
 0.3336056327420E-01 0.2777698885971E+00 0.9644796193968E-04-0.1293184032179E-01
    4    4    0  0.150675
-0.6771152243200E-01-0.8490057046035E-02-0.9894311399543E-05-0.8930636324205E-02
-0.8490057046035E-02-0.4009049862616E-01-0.1373369177883E-04-0.2077271627070E-02
-0.9894311399543E-05-0.1373369177883E-04-0.2666007880603E-03 0.7556760572508E-05
-0.8930636324205E-02-0.2077271627070E-02 0.7556760572508E-05-0.4041678695706E-01
 0.3593656622526E+00 0.1567396828993E-01 0.4890192713180E-04 0.3601391790196E-01
 0.1567396828993E-01 0.2401997311675E-01-0.4805910396140E-04 0.2787018445533E+00
 0.4890192713180E-04-0.4805910396140E-04-0.2308931939027E-01 0.9373122355977E-04
 0.3601391790196E-01 0.2787018445533E+00 0.9373122355977E-04-0.1201068861140E-01
    4    4    0  0.154350
-0.8413597308380E-01-0.9702085513801E-02-0.2907027128270E-04-0.1081249457865E-01
-0.9702085513801E-02-0.4035730064107E-01-0.1433948599760E-04-0.2241461976233E-02
-0.2907027128270E-04-0.1433948599760E-04-0.2645346650469E-03 0.2594092757405E-05
-0.1081249457865E-01-0.2241461976233E-02 0.2594092757405E-05-0.4086140399982E-01
 0.3988450883459E+00 0.1619884120587E-01 0.1392332910074E-03 0.4052427067186E-01
 0.1619884120587E-01 0.2352367796366E-01-0.2851357806689E-04 0.2795907152464E+00
 0.1392332910074E-03-0.2851357806689E-04-0.2299934183196E-01 0.9149009388276E-04
 0.4052427067186E-01 0.2795907152464E+00 0.9149009388276E-04-0.1086400153475E-01
    4    4    0  0.158025
-0.1408468292933E+00-0.1309141671844E-01-0.7975609554559E-04-0.1704945378710E-01
-0.1309141671844E-01-0.4065615579754E-01-0.1652534174778E-04-0.2649828406756E-02
-0.7975609554559E-04-0.1652534174778E-04-0.2610283740722E-03-0.6361731631179E-05
-0.1704945378710E-01-0.2649828406756E-02-0.6361731631179E-05-0.4176262062485E-01
 0.5082885387084E+00 0.1706409611482E-01 0.2948006357192E-03 0.5239508537522E-01
 0.1706409611482E-01 0.2304395190493E-01-0.5054479419988E-05 0.2804617164861E+00
 0.2948006357192E-03-0.5054479419988E-05-0.2284482921576E-01 0.9371701661171E-04
 0.5239508537522E-01 0.2804617164861E+00 0.9371701661171E-04-0.8910168016031E-02
    4    4    0  0.161700
-0.1312816739176E+01-0.2481734730604E-02-0.9909801184895E-03-0.1398022496026E+00
-0.2481734730604E-02-0.3963564685689E-01-0.8525327288366E-05-0.1529950514912E-02
-0.9909801184895E-03-0.8525327288366E-05-0.2564488022482E-03-0.1060496230146E-03
-0.1398022496026E+00-0.1529950514912E-02-0.1060496230146E-03-0.5481959447410E-01
-0.9333989394482E+00-0.3228805737669E-01-0.6928305064364E-03-0.1015741050777E+00
-0.3228805737669E-01 0.2206976631949E-01-0.1481652381419E-04 0.2759750277279E+00
-0.6928305064364E-03-0.1481652381419E-04-0.2261321166698E-01-0.3003620375014E-04
-0.1015741050777E+00 0.2759750277279E+00-0.3003620375014E-04-0.2464679222387E-01
    4    4    0  0.165375
-0.5477818820801E-02-0.2350345213223E-02-0.6625610619887E-05-0.2419033551397E-02
-0.2350345213223E-02-0.4080998476023E-01-0.7105200255174E-05-0.1648126612700E-02
-0.6625610619887E-05-0.7105200255174E-05-0.2483333693322E-03-0.7590976500090E-05
-0.2419033551397E-02-0.1648126612700E-02-0.7590976500090E-05-0.4057900066105E-01
 0.1030902240548E+00 0.1343796926374E-01 0.1489965526477E-03 0.1029853092238E-01
 0.1343796926374E-01 0.2256936037788E-01 0.5239118295781E-04 0.2815249835792E+00
 0.1489965526477E-03 0.5239118295781E-04-0.2228403450058E-01 0.4217540400581E-04
 0.1029853092238E-01 0.2815249835792E+00 0.4217540400581E-04-0.1184905177615E-01
    4    4    0  0.169050
-0.2224888894669E-01-0.4960738868802E-02-0.3563249822574E-04-0.4424334953243E-02
-0.4960738868802E-02-0.4108523353232E-01-0.8409095050808E-05-0.2024542693669E-02
-0.3563249822574E-04-0.8409095050808E-05-0.2383104402403E-03-0.1742651861190E-04
-0.4424334953243E-02-0.2024542693669E-02-0.1742651861190E-04-0.4099860176393E-01
 0.2079919141364E+00 0.1510127886942E-01 0.3656332553237E-03 0.2167397603510E-01
 0.1510127886942E-01 0.2235130046831E-01 0.9644986867678E-04 0.2823581490193E+00
 0.3656332553237E-03 0.9644986867678E-04-0.2182700212706E-01 0.3784751395001E-04
 0.2167397603510E-01 0.2823581490193E+00 0.3784751395001E-04-0.9836532798323E-02
    4    4    0  0.172725
-0.3161072136359E-01-0.6058587529772E-02-0.6614558930326E-04-0.5570067251638E-02
-0.6058587529772E-02-0.4131039958784E-01-0.8303687899627E-05-0.2263774855796E-02
-0.6614558930326E-04-0.8303687899627E-05-0.2247613286759E-03-0.2937940659563E-04
-0.5570067251638E-02-0.2263774855796E-02-0.2937940659563E-04-0.4131241349300E-01
 0.2474289133406E+00 0.1581338733921E-01 0.5610693971301E-03 0.2613471522435E-01
 0.1581338733921E-01 0.2226832487521E-01 0.1526043903934E-03 0.2830661654688E+00
 0.5610693971301E-03 0.1526043903934E-03-0.2119264436770E-01 0.2387661662572E-04
 0.2613471522435E-01 0.2830661654688E+00 0.2387661662572E-04-0.8513656400764E-02
    4    4    0  0.176400
-0.3786798235794E-01-0.6759298780397E-02-0.1043035561692E-03-0.6372808380734E-02
-0.6759298780397E-02-0.4152547308501E-01-0.7629664335290E-05-0.2493304889991E-02
-0.1043035561692E-03-0.7629664335290E-05-0.2061992545315E-03-0.4540270022344E-04
-0.6372808380734E-02-0.2493304889991E-02-0.4540270022344E-04-0.4158489720319E-01
 0.2704001627607E+00 0.1633213079699E-01 0.8015960841307E-03 0.2884510129023E-01
 0.1633213079699E-01 0.2235978147568E-01 0.2296340680899E-03 0.2837391856120E+00
 0.8015960841307E-03 0.2296340680899E-03-0.2028910299058E-01 0.1957565100389E-05
 0.2884510129023E-01 0.2837391856120E+00 0.1957565100389E-05-0.7327625098818E-02
    4    4    0  0.180075
-0.4284881421225E-01-0.7319070590866E-02-0.1592666101724E-03-0.7041865988241E-02
-0.7319070590866E-02-0.4174748365764E-01-0.6502797469168E-05-0.2757838624287E-02
-0.1592666101724E-03-0.6502797469168E-05-0.1798423874895E-03-0.6904490147117E-04
-0.7041865988241E-02-0.2757838624287E-02-0.6904490147117E-04-0.4184617611925E-01
 0.2872627563939E+00 0.1681364630049E-01 0.1141648423978E-02 0.3089550508245E-01
 0.1681364630049E-01 0.2272508965326E-01 0.3444693617973E-03 0.2844146503826E+00
 0.1141648423978E-02 0.3444693617973E-03-0.1892615138597E-01-0.3209060735269E-04
 0.3089550508245E-01 0.2844146503826E+00-0.3209060735269E-04-0.6150190945300E-02
    4    4    0  0.183750
-0.4743651632150E-01-0.7847005642100E-02-0.2520855944064E-03-0.7683096215130E-02
-0.7847005642100E-02-0.4200234587853E-01-0.4989400465439E-05-0.3111652365961E-02
-0.2520855944064E-03-0.4989400465439E-05-0.1398476883116E-03-0.1090531596195E-03
-0.7683096215130E-02-0.3111652365961E-02-0.1090531596195E-03-0.4212290661403E-01
 0.3018773041869E+00 0.1734950393526E-01 0.1699860055111E-02 0.3268545480798E-01
 0.1734950393526E-01 0.2361393013119E-01 0.5401899167239E-03 0.2851496484422E+00
 0.1699860055111E-02 0.5401899167239E-03-0.1662560762506E-01-0.9053374662133E-04
 0.3268545480798E-01 0.2851496484422E+00-0.9053374662133E-04-0.4907195421012E-02
    4    4    0  0.187425
-0.5234425741414E-01-0.8447192027210E-02-0.4577823867139E-03-0.8399213710318E-02
-0.8447192027210E-02-0.4236850841865E-01-0.4394480846346E-05-0.3708691614504E-02
-0.4577823867139E-03-0.4394480846346E-05-0.7334211787320E-04-0.1965325792798E-03
-0.8399213710318E-02-0.3708691614504E-02-0.1965325792798E-03-0.4247257103740E-01
 0.3166759951072E+00 0.1811911762430E-01 0.2884675991810E-02 0.3444085479512E-01
 0.1811911762430E-01 0.2586355306500E-01 0.9723602162378E-03 0.2861094992843E+00
 0.2884675991810E-02 0.9723602162378E-03-0.1170968883076E-01-0.2167835772972E-03
 0.3444085479512E-01 0.2861094992843E+00-0.2167835772972E-03-0.3466687169399E-02
    4    4    0  0.191100
-0.5897006826355E-01-0.9517594278942E-02-0.1433694174864E-02-0.9500747334551E-02
-0.9517594278942E-02-0.4337719276249E-01-0.4860603712487E-04-0.5580792021008E-02
-0.1433694174864E-02-0.4860603712487E-04-0.8022166956261E-04-0.5906692197270E-03
-0.9500747334551E-02-0.5580792021008E-02-0.5906692197270E-03-0.4319659447545E-01
 0.3353923134871E+00 0.2031214699504E-01 0.7960271496076E-02 0.3627409698761E-01
 0.2031214699504E-01 0.3523632412242E-01 0.2980965967330E-02 0.2882498993213E+00
 0.7960271496076E-02 0.2980965967330E-02 0.9231257025642E-02-0.7496567780382E-03
 0.3627409698761E-01 0.2882498993213E+00-0.7496567780382E-03-0.1052753870282E-02
    4    4    0  0.194775
-0.6703491208600E-01-0.8146836340868E-02 0.1467179382804E-02-0.9265733659917E-02
-0.8146836340868E-02-0.3929200198970E-01-0.2350898627435E-03 0.2780631192164E-02
 0.1467179382804E-02-0.2350898627435E-03-0.2120517520338E-02 0.6187306500244E-03
-0.9265733659917E-02 0.2780631192164E-02 0.6187306500244E-03-0.3994094723346E-01
 0.3571633483183E+00 0.1278444055291E-01-0.9740136628985E-02 0.3997246292077E-01
 0.1278444055291E-01-0.1544862757835E-01-0.2560975710786E-02 0.2766899416833E+00
-0.9740136628985E-02-0.2560975710786E-02-0.6426913323031E-01 0.1413291053196E-02
 0.3997246292077E-01 0.2766899416833E+00 0.1413291053196E-02-0.5960505939620E-02
    4    4    0  0.198450
-0.1044377026678E+00-0.1174194453018E-01 0.5445060974197E-03-0.1431192335954E-01
-0.1174194453018E-01-0.4155763441189E-01-0.4544063592993E-04-0.2115229183057E-02
 0.5445060974197E-03-0.4544063592993E-04-0.5833899089089E-03 0.2083901019095E-03
-0.1431192335954E-01-0.2115229183057E-02 0.2083901019095E-03-0.4262179847559E-01
 0.4414997402767E+00 0.1725058271475E-01-0.2537630233243E-02 0.4898089283501E-01
 0.1725058271475E-01 0.1138443309528E-01-0.9190655602662E-03 0.2842848038900E+00
-0.2537630233243E-02-0.9190655602662E-03-0.3403878295873E-01 0.4177341736053E-03
 0.4898089283501E-01 0.2842848038900E+00 0.4177341736053E-03-0.6916553863276E-03
    4    4    0  0.202125
-0.8433012783736E-03-0.1213764887004E-02 0.9089994945294E-05-0.2104041476650E-02
-0.1213764887004E-02-0.4173196725480E-01-0.2645169648087E-04-0.1777369743812E-02
 0.9089994945294E-05-0.2645169648087E-04-0.3837418337888E-03 0.7428057375749E-04
-0.2104041476650E-02-0.1777369743812E-02 0.7428057375749E-04-0.4153454344766E-01
 0.3816499461758E-01 0.1374954939540E-01-0.1236664453105E-02 0.5731041757862E-02
 0.1374954939540E-01 0.1547708222812E-01-0.4608590673114E-03 0.2851121566622E+00
-0.1236664453105E-02-0.4608590673114E-03-0.2766837654366E-01 0.2220793717324E-03
 0.5731041757862E-02 0.2851121566622E+00 0.2220793717324E-03-0.3813267508686E-02
    4    4    0  0.205800
-0.3637789976148E-01-0.7051460242690E-02 0.3440310831183E-04-0.6752963825697E-02
-0.7051460242690E-02-0.4217730572311E-01-0.1672617093742E-04-0.2945164965633E-02
 0.3440310831183E-04-0.1672617093742E-04-0.2821167013173E-03 0.3040311825732E-04
-0.6752963825697E-02-0.2945164965633E-02 0.3040311825732E-04-0.4233790469171E-01
 0.2648090120652E+00 0.1723404015937E-01-0.2841307249401E-03 0.3026905011574E-01
 0.1723404015937E-01 0.1753517372648E-01-0.1666162176074E-03 0.2862040648582E+00
-0.2841307249401E-03-0.1666162176074E-03-0.2374923744171E-01 0.1290535451232E-03
 0.3026905011574E-01 0.2862040648582E+00 0.1290535451232E-03 0.1870218919656E-03
    4    4    0  0.209475
-0.4854229806118E-01-0.8338183512844E-02-0.1017664405923E-03-0.8344384389032E-02
-0.8338183512844E-02-0.4250026005270E-01-0.9518103576791E-05-0.3651845754279E-02
-0.1017664405923E-03-0.9518103576791E-05-0.1873540962083E-03-0.3598878506820E-04
-0.8344384389032E-02-0.3651845754279E-02-0.3598878506820E-04-0.4275546119703E-01
 0.3050397633777E+00 0.1818367238941E-01 0.6812880762820E-03 0.3476650217127E-01
 0.1818367238941E-01 0.1984415772131E-01 0.1608672790967E-03 0.2870312251533E+00
 0.6812880762820E-03 0.1608672790967E-03-0.1934349997072E-01 0.1805054706789E-04
 0.3476650217127E-01 0.2870312251533E+00 0.1805054706789E-04 0.2071882323775E-02
    4    4    0  0.213150
-0.5802534795012E-01-0.9458621301697E-02-0.5159729485046E-03-0.9704684830742E-02
-0.9458621301697E-02-0.4312223517668E-01-0.3302420527775E-05-0.4937250741468E-02
-0.5159729485046E-03-0.3302420527775E-05-0.4074183789809E-04-0.2129001763375E-03
-0.9704684830742E-02-0.4937250741468E-02-0.2129001763375E-03-0.4333981536387E-01
 0.3326840397175E+00 0.1953511855303E-01 0.3052863319932E-02 0.3781839669734E-01
 0.1953511855303E-01 0.2558180114516E-01 0.1022488045618E-02 0.2885030438756E+00
 0.3052863319932E-02 0.1022488045618E-02-0.8410373356216E-02-0.2657332865979E-03
 0.3781839669734E-01 0.2885030438756E+00-0.2657332865979E-03 0.4287235064731E-02
    4    4    0  0.216825
-0.7278994990500E-01-0.8975737604092E-02 0.1514429161559E-02-0.1050863853205E-01
-0.8975737604092E-02-0.3979855682548E-01-0.2515566402830E-03 0.1935329152051E-02
 0.1514429161559E-02-0.2515566402830E-03-0.2269138271352E-02 0.6625657701424E-03
-0.1050863853205E-01 0.1935329152051E-02 0.6625657701424E-03-0.4052776204031E-01
 0.3714300626083E+00 0.1409800293130E-01-0.9626008831617E-02 0.4285474321386E-01
 0.1409800293130E-01-0.1621271244284E-01-0.2766615461697E-02 0.2783155690719E+00
-0.9626008831617E-02-0.2766615461697E-02-0.6654194506698E-01 0.1478892810597E-02
 0.4285474321386E-01 0.2783155690719E+00 0.1478892810597E-02 0.3694330704958E-03
    4    4    0  0.220500
-0.3482040241627E-03-0.8646745050042E-03-0.2766578184526E-05-0.2111590289552E-02
-0.8646745050042E-03-0.4189432016549E-01-0.3839815829049E-04-0.2149580665635E-02
-0.2766578184526E-05-0.3839815829049E-04-0.4351605804841E-03 0.1061300057703E-03
-0.2111590289552E-02-0.2149580665635E-02 0.1061300057703E-03-0.4171211286940E-01
 0.2169588090578E-01 0.1412987480284E-01-0.1793115628041E-02 0.4183353344032E-02
 0.1412987480284E-01 0.1310022133226E-01-0.6700549833489E-03 0.2857558718571E+00
-0.1793115628041E-02-0.6700549833489E-03-0.2943392740283E-01 0.3142147277546E-03
 0.4183353344032E-02 0.2857558718571E+00 0.3142147277546E-03 0.1103235107540E-02
    4    4    0  0.224175
-0.5016462646880E-01-0.8655721041332E-02-0.1777519147095E-04-0.8804796973552E-02
-0.8655721041332E-02-0.4261246053642E-01-0.1538760650020E-04-0.4091667604298E-02
-0.1777519147095E-04-0.1538760650020E-04-0.2124660170165E-03 0.6291528628091E-05
-0.8804796973552E-02-0.4091667604298E-02 0.6291528628091E-05-0.4295782754460E-01
 0.3098649298844E+00 0.1867773109906E-01 0.1109176514422E-03 0.3598850097487E-01
 0.1867773109906E-01 0.1816037653754E-01-0.5272604530079E-04 0.2874696089981E+00
 0.1109176514422E-03-0.5272604530079E-04-0.2061217780230E-01 0.9666121532549E-04
 0.3598850097487E-01 0.2874696089981E+00 0.9666121532549E-04 0.6485080214345E-02
    4    4    0  0.227850
-0.7014405198392E-01-0.1232012131940E-01-0.4252908454791E-02-0.1227797964911E-01
-0.1232012131940E-01-0.4649401560101E-01-0.4604611733159E-03-0.1160885579007E-01
-0.4252908454791E-02-0.4604611733159E-03-0.2681440743254E-02-0.1497735887078E-02
-0.1227797964911E-01-0.1160885579007E-01-0.1497735887078E-02-0.4535401982189E-01
 0.3638204138988E+00 0.2588292962775E-01 0.1857198617041E-01 0.4083082474378E-01
 0.2588292962775E-01 0.5750577109684E-01 0.7794342229196E-02 0.2941121949909E+00
 0.1857198617041E-01 0.7794342229196E-02 0.7017573114210E-01-0.2201184230553E-02
 0.4083082474378E-01 0.2941121949909E+00-0.2201184230553E-02 0.1375900782406E-01
    4    4    0  0.231525
-0.3046771597174E-01-0.6637559188548E-02 0.1523385192346E-03-0.6369546121931E-02
-0.6637559188548E-02-0.4225523946220E-01-0.3329207474634E-04-0.3462354478947E-02
 0.1523385192346E-03-0.3329207474634E-04-0.3693045773545E-03 0.1060226527993E-03
-0.6369546121931E-02-0.3462354478947E-02 0.1060226527993E-03-0.4244570238504E-01
 0.2424525993635E+00 0.1775849463153E-01-0.1383533426004E-02 0.2866980076102E-01
 0.1775849463153E-01 0.1386111641627E-01-0.5624270073847E-03 0.2866376047546E+00
-0.1383533426004E-02-0.5624270073847E-03-0.2713156021385E-01 0.2918289417380E-03
 0.2866980076102E-01 0.2866376047546E+00 0.2918289417380E-03 0.7351038205329E-02
    4    4    0  0.235200
-0.6912144714573E-01-0.1146228156347E-01-0.1867871452738E-02-0.1192755237701E-01
-0.1146228156347E-01-0.4497623312937E-01-0.8743093810622E-04-0.9037601027510E-02
-0.1867871452738E-02-0.8743093810622E-04-0.4189394863665E-03-0.7091308079918E-03
-0.1192755237701E-01-0.9037601027510E-02-0.7091308079918E-03-0.4481512155638E-01
 0.3617100931432E+00 0.2303299476918E-01 0.9154168307120E-02 0.4170697016958E-01
 0.2303299476918E-01 0.4136841167296E-01 0.3504791574252E-02 0.2923395064659E+00
 0.9154168307120E-02 0.3504791574252E-02 0.2713876420118E-01-0.1053149686763E-02
 0.4170697016958E-01 0.2923395064659E+00-0.1053149686763E-02 0.1394391847306E-01
    4    4    0  0.238875
-0.5549259618379E-01-0.9315046605393E-02-0.1282524483879E-05-0.9730169459358E-02
-0.9315046605393E-02-0.4274249969576E-01-0.1855506146576E-04-0.4857712881296E-02
-0.1282524483879E-05-0.1855506146576E-04-0.1909387944604E-03 0.1663475453108E-04
-0.9730169459358E-02-0.4857712881296E-02 0.1663475453108E-04-0.4320799247810E-01
 0.3254049120305E+00 0.1944254782403E-01-0.6193252883381E-06 0.3818309054972E-01
 0.1944254782403E-01 0.1805189966947E-01-0.1097767093210E-03 0.2878260142878E+00
-0.6193252883381E-06-0.1097767093210E-03-0.1954002589579E-01 0.1258782329958E-03
 0.3818309054972E-01 0.2878260142878E+00 0.1258782329958E-03 0.1135789343639E-01
    4    4    0  0.242550
-0.5546811267780E-01-0.9331530793675E-02 0.3317897310650E-04-0.9774116086180E-02
-0.9331530793675E-02-0.4270399310131E-01-0.2127910263509E-04-0.4937219029085E-02
 0.3317897310650E-04-0.2127910263509E-04-0.2050930370952E-03 0.3306204325371E-04
-0.9774116086180E-02-0.4937219029085E-02 0.3306204325371E-04-0.4319512691683E-01
 0.3253188978768E+00 0.1952125394776E-01-0.2188420654637E-03 0.3825427237849E-01
 0.1952125394776E-01 0.1748322994600E-01-0.1906503943950E-03 0.2877257758556E+00
-0.2188420654637E-03-0.1906503943950E-03-0.2024923992077E-01 0.1593973083781E-03
 0.3825427237849E-01 0.2877257758556E+00 0.1593973083781E-03 0.1244939435361E-01
    4    4    0  0.246225
-0.9030802244932E-01-0.1131189345402E-01 0.9751338116445E-03-0.1372772882039E-01
-0.1131189345402E-01-0.4115696368336E-01-0.1212862117445E-03-0.2152180787001E-02
 0.9751338116445E-03-0.1212862117445E-03-0.1166927677463E-02 0.4073138137292E-03
-0.1372772882039E-01-0.2152180787001E-02 0.4073138137292E-03-0.4231790949605E-01
 0.4116392486430E+00 0.1798443241408E-01-0.5137875759985E-02 0.4844003532143E-01
 0.1798443241408E-01-0.1087132450778E-02-0.1775155248808E-02 0.2831248017019E+00
-0.5137875759985E-02-0.1775155248808E-02-0.4796878275259E-01 0.8994840941265E-03
 0.4844003532143E-01 0.2831248017019E+00 0.8994840941265E-03 0.1203601970975E-01
    4    4    0  0.249900
-0.6567742947376E-01-0.1051446911632E-01-0.2521009141916E-03-0.1131940053956E-01
-0.1051446911632E-01-0.4325327276388E-01-0.1173229570250E-04-0.6411958285500E-02
-0.2521009141916E-03-0.1173229570250E-04-0.5105472115432E-04-0.8695668435680E-04
-0.1131940053956E-01-0.6411958285500E-02-0.8695668435680E-04-0.4379719986378E-01
 0.3530481084627E+00 0.2073306154361E-01 0.1401352105137E-02 0.4156678052469E-01
 0.2073306154361E-01 0.2304360647945E-01 0.3779119398997E-03 0.2890034983482E+00
 0.1401352105137E-02 0.3779119398997E-03-0.9996326819265E-02-0.4926161782708E-04
 0.4156678052469E-01 0.2890034983482E+00-0.4926161782708E-04 0.1600417711643E-01
    4    4    0  0.253575
-0.6220260530014E-03 0.3427528291605E-03-0.2557313739720E-03-0.1557392020286E-02
 0.3427528291605E-03-0.4162842975997E-01 0.3393473752537E-04-0.3212603014000E-02
-0.2557313739720E-03 0.3393473752537E-04-0.2352689617585E-03 0.5807386845252E-04
-0.1557392020286E-02-0.3212603014000E-02 0.5807386845252E-04-0.4157019585101E-01
-0.3201276459226E-01 0.1058346979020E-01-0.1008242825005E-01-0.1604541240471E-02
 0.1058346979020E-01 0.1092988651456E-01-0.4528043669925E-03 0.2850996608603E+00
-0.1008242825005E-01-0.4528043669925E-03-0.1919728124268E-01 0.1290388833252E-03
-0.1604541240471E-02 0.2850996608603E+00 0.1290388833252E-03 0.1073093807878E-01
   10   10    0  0.257250
-0.1013417654801E+00-0.1119986630460E-01-0.1366185726020E-02-0.1548320262222E-01
 0.1104358436440E+00-0.1241836969392E-02-0.3196098685905E-02-0.1290602369076E+00
 0.2852985144506E-02 0.3489662733784E-02-0.1119986630460E-01-0.4841521415772E-01
-0.5658859001308E-03-0.6725317768404E-02-0.1951192938790E-02-0.3387435308220E-02
-0.2024666143085E-02 0.1851032338312E-02 0.3397802901430E-02-0.1170753551488E-02
-0.1366185726020E-02-0.5658859001308E-03-0.1004908894349E-01 0.3371231231422E-03
 0.1622295687573E-03-0.4439653175735E-04-0.1232964401031E-02 0.2339348066587E-04
 0.3064375855208E-03 0.1783250881728E-02-0.1548320262222E-01-0.6725317768404E-02
 0.3371231231422E-03-0.4464717101599E-01 0.1385450597226E-01-0.8863053596750E-02
 0.1274250012823E-02-0.1437256419295E-01 0.1239213566292E-01 0.2912323919801E-02
 0.1104358436440E+00-0.1951192938790E-02 0.1622295687573E-03 0.1385450597226E-01
-0.1249728621297E+01-0.5564453693824E-02 0.1945320950477E-02-0.9910065052936E-01
 0.9346788786701E-03 0.6254726183025E-02-0.1241836969392E-02-0.3387435308220E-02
-0.4439653175735E-04-0.8863053596750E-02-0.5564453693824E-02-0.3816269257175E-02
 0.2981790340659E-03 0.7684211179166E-03 0.2418699218796E-02 0.6004322162038E-03
-0.3196098685905E-02-0.2024666143085E-02-0.1232964401031E-02 0.1274250012823E-02
 0.1945320950477E-02 0.2981790340659E-03-0.5307173329806E-02-0.5773379522822E-02
-0.4359805048136E-03 0.4314136697180E-02-0.1290602369076E+00 0.1851032338312E-02
 0.2339348066587E-04-0.1437256419295E-01-0.9910065052936E-01 0.7684211179166E-03
-0.5773379522822E-02-0.1243961659588E+01-0.5733382349392E-02-0.2376125170287E-02
 0.2852985144506E-02 0.3397802901430E-02 0.3064375855208E-03 0.1239213566292E-01
 0.9346788786701E-03 0.2418699218796E-02-0.4359805048136E-03-0.5733382349392E-02
-0.5635050704936E-02-0.8768479313547E-03 0.3489662733784E-02-0.1170753551488E-02
 0.1783250881728E-02 0.2912323919801E-02 0.6254726183025E-02 0.6004322162038E-03
 0.4314136697180E-02-0.2376125170287E-02-0.8768479313547E-03-0.8673852669469E-02
 0.3409219193123E+00 0.1863046346783E-01-0.1458541648318E-02 0.3998888710149E-01
 0.1387875076007E+00 0.3253877367388E-02 0.8092197962101E-02-0.1583440413849E+00
-0.1142291577807E-01-0.2107605130378E-01 0.1863046346783E-01 0.1401640140351E-01
-0.5548610983283E-03 0.2857813721410E+00 0.4789868908129E-02 0.6309303372312E-01
-0.1428227394652E-01-0.5383734089739E-02-0.8617302569907E-01-0.2005987958234E-01
-0.1458541648318E-02-0.5548610983283E-03-0.2428429484588E-01 0.2086729147115E-03
-0.2803884320991E-03-0.1499792992065E-03 0.8236825666093E-01-0.1607435393556E-03
 0.2364592311916E-03-0.1123082905534E+00 0.3998888710149E-01 0.2857813721410E+00
 0.2086729147115E-03 0.1638857260830E-01 0.1769892120909E-01 0.2344649607639E-01
 0.2237113868262E-01-0.1893952342840E-01-0.2633967468429E-01 0.2050567126832E-01
 0.1387875076007E+00 0.4789868908129E-02-0.2803884320991E-03 0.1769892120909E-01
-0.9464014263103E+00-0.3390201966429E-02 0.3499150800625E-02 0.6392908447399E-02
