                  12                   1               12790                   1               12789
T-Matrices                                                  
    3    1    2   16    2    1    0    0   10   16   16     0.00000000
    1    2   -2  0.000000
    1    4   -2  0.000000
    1    4   -4  0.000000
    2    3   -2  0.135000
    3    1   -1  0.256000
    3    3   -1  0.256000
    3    3   -3  0.256000
    4    1    1  0.256000
    4    3    1  0.256000
    4    3    3  0.256000
    7    2   -1  0.886200
    7    4   -3  0.886200
    7    4   -1  0.886200
    8    2    1  0.886200
    8    4    1  0.886200
    8    4    3  0.886200
    1   99     0.00735000     0.00367500
    3    3    0  0.007350
-0.2325562683733E-01-0.6074281905324E-03 0.6347155646620E-05-0.6074281905324E-03
-0.4404113880808E-03 0.8254407032653E-06 0.6347155646620E-05 0.8254407032653E-06
-0.1044592420782E-03
 0.2143496514955E+00 0.4927852220182E-02-0.6051481494791E-04 0.4927852220182E-02
 0.2925692773756E-01-0.9108313815924E-04-0.6051481494791E-04-0.9108313815924E-04
-0.1445322016973E-01
    3    3    0  0.011025
-0.2458684805703E-01-0.6647858837725E-03 0.8227035446578E-05-0.6647858837725E-03
-0.4714300629463E-03 0.9625326387416E-06 0.8227035446578E-05 0.9625326387416E-06
-0.1045373570947E-03
 0.2203208567643E+00 0.5239774106553E-02-0.7648969514990E-04 0.5239774106553E-02
 0.3024452769791E-01-0.9617709345924E-04-0.7648969514990E-04-0.9617709345924E-04
-0.1445851364467E-01
    3    3    0  0.014700
-0.2606360407359E-01-0.7284597573009E-03 0.1020284542168E-04-0.7284597573009E-03
-0.5047277394993E-03 0.1108849184617E-05 0.1020284542168E-04 0.1108849184617E-05
-0.1051301651441E-03
 0.2267516605455E+00 0.5571522866536E-02-0.9222238704865E-04 0.5571522866536E-02
 0.3126688310203E-01-0.1011340272136E-03-0.9222238704865E-04-0.1011340272136E-03
-0.1449932548599E-01
    3    3    0  0.018375
-0.2773159629286E-01-0.7997054684450E-03 0.1226971473362E-04-0.7997054684450E-03
-0.5407249234578E-03 0.1264501274171E-05 0.1226971473362E-04 0.1264501274171E-05
-0.1061938011556E-03
 0.2337913472621E+00 0.5925019780505E-02-0.1075144963222E-03 0.5925019780505E-02
 0.3233265922416E-01-0.1059298489023E-03-0.1075144963222E-03-0.1059298489023E-03
-0.1457235027520E-01
    3    3    0  0.022050
-0.2965709798701E-01-0.8805296703816E-03 0.1442456140407E-04-0.8805296703816E-03
-0.5800027272448E-03 0.1429720279396E-05 0.1442456140407E-04 0.1429720279396E-05
-0.1076999912806E-03
 0.2416487399672E+00 0.6304643332301E-02-0.1221358572657E-03 0.6304643332301E-02
 0.3345344482006E-01-0.1105391562940E-03-0.1221358572657E-03-0.1105391562940E-03
-0.1467518439708E-01
    3    3    0  0.025725
-0.3193985875206E-01-0.9740650668344E-03 0.1666651083042E-04-0.9740650668344E-03
-0.6233585790550E-03 0.1604923291233E-05 0.1666651083042E-04 0.1604923291233E-05
-0.1096288085454E-03
 0.2506261485373E+00 0.6717817597516E-02-0.1358034054325E-03 0.6717817597516E-02
 0.3464444390795E-01-0.1149343175279E-03-0.1358034054325E-03-0.1149343175279E-03
-0.1480586592552E-01
    3    3    0  0.029400
-0.3473684784236E-01-0.1085306302816E-02 0.1899699074700E-04-0.1085306302816E-02
-0.6718997153561E-03 0.1790766144101E-05 0.1899699074700E-04 0.1790766144101E-05
-0.1119650635935E-03
 0.2611787605232E+00 0.7176485282525E-02-0.1481438893917E-03 0.7176485282525E-02
 0.3592567280527E-01-0.1190839417654E-03-0.1481438893917E-03-0.1190839417654E-03
-0.1496265682698E-01
    3    3    0  0.033075
-0.3830919830043E-01-0.1222581408140E-02 0.2141845263978E-04-0.1222581408140E-02
-0.7272014797095E-03 0.1988153518985E-05 0.2141845263978E-04 0.1988153518985E-05
-0.1146962078463E-03
 0.2740255284422E+00 0.7700088496388E-02-0.1586237367526E-03 0.7700088496388E-02
 0.3732389246284E-01-0.1229501725766E-03-0.1586237367526E-03-0.1229501725766E-03
-0.1514392682018E-01
    3    3    0  0.036750
-0.4312357189512E-01-0.1400723449526E-02 0.2392807847806E-04-0.1400723449526E-02
-0.7915904575096E-03 0.2198083110915E-05 0.2392807847806E-04 0.2198083110915E-05
-0.1178109644457E-03
 0.2903726227266E+00 0.8321719672473E-02-0.1664063697386E-03 0.8321719672473E-02
 0.3887576690135E-01-0.1264835099579E-03-0.1664063697386E-03-0.1264835099579E-03
-0.1534808727253E-01
    3    3    0  0.040425
-0.5009750312537E-01-0.1648700796598E-02 0.2649274928420E-04-0.1648700796598E-02
-0.8686969336519E-03 0.2420855279096E-05 0.2649274928420E-04 0.2420855279096E-05
-0.1212983323070E-03
 0.3124094339385E+00 0.9101878420463E-02-0.1700312027791E-03 0.9101878420463E-02
 0.4063323790635E-01-0.1296118407954E-03-0.1700312027791E-03-0.1296118407954E-03
-0.1557355238098E-01
    3    3    0  0.044100
-0.6129312906972E-01-0.2031013167874E-02 0.2894554910907E-04-0.2031013167874E-02
-0.9646854836110E-03 0.2652643984856E-05 0.2894554910907E-04 0.2652643984856E-05
-0.1251467592847E-03
 0.3445605389522E+00 0.1016326038250E-01-0.1665872678004E-03 0.1016326038250E-01
 0.4267324671893E-01-0.1322137600322E-03-0.1665872678004E-03-0.1322137600322E-03
-0.1581871613566E-01
    3    3    0  0.047775
-0.8237809455741E-01-0.2722791826629E-02 0.3047608174964E-04-0.2722791826629E-02
-0.1091652633799E-02 0.2868747993820E-05 0.3047608174964E-04 0.2868747993820E-05
-0.1293433052240E-03
 0.3972700112305E+00 0.1179576463134E-01-0.1491357003817E-03 0.1179576463134E-01
 0.4511698049216E-01-0.1340395364420E-03-0.1491357003817E-03-0.1340395364420E-03
-0.1608193818175E-01
    3    3    0  0.051450
-0.1352659586730E+00-0.4390141864382E-02 0.2604700604041E-04-0.4390141864382E-02
-0.1281399246147E-02 0.2909700060401E-05 0.2604700604041E-04 0.2909700060401E-05
-0.1338727767459E-03
 0.5019906826051E+00 0.1486973884136E-01-0.9586757205859E-04 0.1486973884136E-01
 0.4817422505342E-01-0.1343930906376E-03-0.9586757205859E-04-0.1343930906376E-03
-0.1636153087472E-01
    3    3    0  0.055125
-0.3961829451520E+00-0.1224967479278E-01-0.4973336457182E-04-0.1224967479278E-01
-0.1710159010673E-02 0.7848906450527E-06-0.4973336457182E-04 0.7848906450527E-06
-0.1387311700525E-03
 0.7966934919028E+00 0.2311657346745E-01 0.1061113336819E-03 0.2311657346745E-01
 0.5227758581034E-01-0.1299897088771E-03 0.1061113336819E-03-0.1299897088771E-03
-0.1665570361181E-01
    3    3    0  0.058800
-0.9875203471171E+00-0.2704983903629E-01-0.7590744708252E-03-0.2704983903629E-01
-0.2368690478852E-02-0.1811569422576E-04-0.7590744708252E-03-0.1811569422576E-04
-0.1444687161116E-03
-0.9991354968432E+00-0.2897727939111E-01-0.7513354387546E-03-0.2897727939111E-01
 0.5621716041979E-01-0.1558732739455E-03-0.7513354387546E-03-0.1558732739455E-03
-0.1696323192565E-01
    3    3    0  0.062475
-0.3190468266545E-01-0.5848486652588E-03-0.7528816537338E-04-0.5848486652588E-03
-0.2168918920974E-02 0.1853803763186E-05-0.7528816537338E-04 0.1853803763186E-05
-0.1495037185207E-03
-0.2505038429738E+00-0.6215397168906E-02-0.5498473001516E-03-0.6215397168906E-02
 0.6552967546751E-01-0.1485005735515E-03-0.5498473001516E-03-0.1485005735515E-03
-0.1728163850627E-01
    3    3    0  0.066150
-0.9389111222835E-03 0.1013989019537E-04-0.1425432981146E-04 0.1013989019537E-04
-0.3421031459825E-02 0.4498718123897E-05-0.1425432981146E-04 0.4498718123897E-05
-0.1551737423911E-03
-0.4331808286973E-01-0.5162376559048E-03-0.4664543304322E-03-0.5162376559048E-03
 0.8264425407499E-01-0.1418006199427E-03-0.4664543304322E-03-0.1418006199427E-03
-0.1760924460076E-01
    3    3    0  0.069825
-0.7029531713834E-03-0.5561044669748E-04 0.4275689848129E-05-0.5561044669748E-04
-0.9779008094641E-02 0.7610856953851E-05 0.4275689848129E-05 0.7610856953851E-05
-0.1611138465275E-03
 0.3748107117464E-01 0.6248183883844E-03-0.4335831933528E-03 0.6248183883844E-03
 0.1395061958062E+00-0.1223649493807E-03-0.4335831933528E-03-0.1223649493807E-03
-0.1794432198804E-01
    3    3    0  0.073500
-0.3350608008231E-02 0.1194865509475E-02 0.1462000473742E-04 0.1194865509475E-02
-0.3742823129641E-01-0.3576219413708E-04 0.1462000473742E-04-0.3576219413708E-04
-0.1673055863555E-03
 0.8084800359217E-01 0.1232842218980E-01-0.4145438170700E-03 0.1232842218980E-01
-0.2707436117296E+00-0.2604347215146E-03-0.4145438170700E-03-0.2604347215146E-03
-0.1828502163117E-01
    3    3    0  0.077175
-0.5946755996494E-02-0.3397968306289E-03 0.1904998344022E-04-0.3397968306289E-03
-0.1066357176437E-03-0.1321412983342E-05 0.1904998344022E-04-0.1321412983342E-05
-0.1736397452150E-03
 0.1086643947373E+00 0.7065059688113E-02-0.4080555134754E-03 0.7065059688113E-02
-0.1277491695287E-01-0.1761503041116E-03-0.4080555134754E-03-0.1761503041116E-03
-0.1862931659480E-01
    3    3    0  0.080850
-0.8259923186906E-02-0.5299664732797E-03 0.2266579074293E-04-0.5299664732797E-03
-0.1987809516295E-03 0.1423701424164E-05 0.2266579074293E-04 0.1423701424164E-05
-0.1801438071750E-03
 0.1280600716922E+00 0.7196832216244E-02-0.4028756595617E-03 0.7196832216244E-02
 0.1858547008095E-01-0.1656225343035E-03-0.4028756595617E-03-0.1656225343035E-03
-0.1897537633810E-01
    3    3    0  0.084525
-0.1025051614103E-01-0.6837170608692E-03 0.2532447400107E-04-0.6837170608692E-03
-0.6476607219062E-03 0.2799291619772E-05 0.2532447400107E-04 0.2799291619772E-05
-0.1867652685406E-03
 0.1426071749913E+00 0.7650210742708E-02-0.3987570074288E-03 0.7650210742708E-02
 0.3515513163659E-01-0.1596801563453E-03-0.3987570074288E-03-0.1596801563453E-03
-0.1932124482914E-01
    3    3    0  0.088200
-0.1197799561582E-01-0.8530145418439E-03 0.2733023970320E-04-0.8530145418439E-03
-0.1373888102493E-02 0.4095579530994E-05 0.2733023970320E-04 0.4095579530994E-05
-0.1934643491654E-03
 0.1540904159253E+00 0.8232761877206E-02-0.3947451932312E-03 0.8232761877206E-02
 0.5174320413606E-01-0.1531126778695E-03-0.3947451932312E-03-0.1531126778695E-03
-0.1966497492755E-01
    3    3    0  0.091875
-0.1350470470760E-01-0.1159838128147E-02 0.2883412158525E-04-0.1159838128147E-02
-0.3816598904094E-02 0.6456514950475E-05 0.2883412158525E-04 0.6456514950475E-05
-0.2001984127379E-03
 0.1635271974116E+00 0.9186393514231E-02-0.3901166079786E-03 0.9186393514231E-02
 0.8679214840359E-01-0.1387966678609E-03-0.3901166079786E-03-0.1387966678609E-03
-0.2000460990610E-01
    3    3    0  0.095550
-0.1480001382035E-01 0.1423844496304E-03 0.2982477707443E-04 0.1423844496304E-03
-0.4540256222853E-01-0.4536981352606E-04 0.2982477707443E-04-0.4536981352606E-04
-0.2069597657278E-03
 0.1713944122282E+00 0.2184291429192E-02-0.3878100867884E-03 0.2184291429192E-02
-0.2978906833351E+00-0.2812854743144E-03-0.3878100867884E-03-0.2812854743144E-03
-0.2033824557311E-01
    3    3    0  0.099225
-0.1609093955802E-01-0.7963431280745E-03 0.3086041494660E-04-0.7963431280745E-03
-0.7115174643686E-04 0.5922439764686E-06 0.3086041494660E-04 0.5922439764686E-06
-0.2136045840712E-03
 0.1784676317719E+00 0.8454964329022E-02-0.3790163140236E-03 0.8454964329022E-02
 0.8375568931511E-02-0.1664056573115E-03-0.3790163140236E-03-0.1664056573115E-03
-0.2066376645965E-01
    3    3    0  0.102900
-0.1725192019278E-01-0.1097782714037E-02 0.3134962104192E-04-0.1097782714037E-02
-0.1001420883300E-02 0.3495888545723E-05 0.3134962104192E-04 0.3495888545723E-05
-0.2201706394457E-03
 0.1847001558128E+00 0.9524728257705E-02-0.3708367301535E-03 0.9524728257705E-02
 0.4370229593119E-01-0.1505512095833E-03-0.3708367301535E-03-0.1505512095833E-03
-0.2097931417406E-01
    3    3    0  0.106575
-0.1839845263890E-01-0.2573239470064E-02 0.3134948595569E-04-0.2573239470064E-02
-0.1758752069992E-01 0.1006179542155E-04 0.3134948595569E-04 0.1006179542155E-04
-0.2265747454598E-03
 0.1904511325905E+00 0.1341701591161E-01-0.3597959927294E-03 0.1341701591161E-01
 0.1862231839121E+00-0.9116199511780E-04-0.3597959927294E-03-0.9116199511780E-04
-0.2128284067291E-01
    3    3    0  0.110250
-0.1936415044580E-01-0.9921168102982E-03 0.3151495939080E-04-0.9921168102982E-03
-0.1587044130987E-03 0.1148280105345E-05 0.3151495939080E-04 0.1148280105345E-05
-0.2327850299190E-03
 0.1956152254995E+00 0.9322347012162E-02-0.3502558271590E-03 0.9322347012162E-02
 0.1514823223511E-01-0.1557188462227E-03-0.3502558271590E-03-0.1557188462227E-03
-0.2157238857783E-01
    3    3    0  0.113925
-0.2043183964737E-01-0.2141630205153E-02 0.3101536774514E-04-0.2141630205153E-02
-0.8351885638611E-02 0.7942785348654E-05 0.3101536774514E-04 0.7942785348654E-05
-0.2387108615039E-03
 0.2006909978693E+00 0.1283131056907E-01-0.3354471427155E-03 0.1283131056907E-01
 0.1283151454459E+00-0.1075115948010E-03-0.3354471427155E-03-0.1075115948010E-03
-0.2184581496679E-01
    3    3    0  0.117600
-0.2138769170183E-01-0.1313110122282E-02 0.3045703557168E-04-0.1313110122282E-02
-0.8724744957485E-03 0.2971697307134E-05 0.3045703557168E-04 0.2971697307134E-05
-0.2443202273500E-03
 0.2054373771442E+00 0.1056437747330E-01-0.3207213949724E-03 0.1056437747330E-01
 0.4038364229500E-01-0.1373911142385E-03-0.3207213949724E-03-0.1373911142385E-03
-0.2210108792193E-01
    3    3    0  0.121275
-0.2239278283603E-01-0.1313657935547E-02 0.2945402683192E-04-0.1313657935547E-02
-0.6405119999639E-03 0.2421524928690E-05 0.2945402683192E-04 0.2421524928690E-05
-0.2495346363108E-03
 0.2101649678062E+00 0.1063001476572E-01-0.3024521426503E-03 0.1063001476572E-01
 0.3414487902457E-01-0.1344014454596E-03-0.3024521426503E-03-0.1344014454596E-03
-0.2233599316431E-01
    3    3    0  0.124950
-0.2377113326809E-01-0.8260607036243E-02 0.2653263059227E-04-0.8260607036243E-02
-0.1016201286622E+00-0.3152441477016E-05 0.2653263059227E-04-0.3152441477016E-05
-0.2542821161382E-03
 0.2152855631617E+00 0.2368568326284E-01-0.2759153457254E-03 0.2368568326284E-01
 0.4385024020540E+00 0.3062392256779E-04-0.2759153457254E-03 0.3062392256779E-04
-0.2254821039153E-01
    3    3    0  0.128625
-0.2451306226896E-01-0.1403284525178E-02 0.2630397605528E-04-0.1403284525178E-02
-0.5493016919507E-03 0.1954655157822E-05 0.2630397605528E-04 0.1954655157822E-05
-0.2585258993277E-03
 0.2197755198604E+00 0.1104170841466E-01-0.2568309593774E-03 0.1104170841466E-01
 0.3121535230138E-01-0.1220502351764E-03-0.2568309593774E-03-0.1220502351764E-03
-0.2273550986658E-01
    3    3    0  0.132300
-0.2564755152354E-01-0.1012861462586E-02 0.2408558508628E-04-0.1012861462586E-02
-0.1239105453783E-03-0.1204047873958E-05 0.2408558508628E-04-0.1204047873958E-05
-0.2621625135886E-03
 0.2248276659301E+00 0.9420598515711E-02-0.2294242528504E-03 0.9420598515711E-02
-0.1257041751313E-01-0.1295156075249E-03-0.2294242528504E-03-0.1295156075249E-03
-0.2289511534472E-01
    4    4    0  0.135975
-0.2702967389309E-01-0.2926765454317E-02 0.2073333467604E-04-0.2706020807596E-02
-0.2926765454317E-02-0.3858497921379E-01-0.1205931510570E-04-0.1490666259573E-02
 0.2073333467604E-04-0.1205931510570E-04-0.2651217419736E-03 0.1741713265483E-04
-0.2706020807596E-02-0.1490666259573E-02 0.1741713265483E-04-0.3835808921649E-01
 0.2304005413006E+00 0.1098301429447E-01-0.1964819236654E-03 0.1038176002317E-01
 0.1098301429447E-01 0.2606200727872E-01-0.1035822057107E-03 0.2736247504588E+00
-0.1964819236654E-03-0.1035822057107E-03-0.2302420045070E-01 0.9578591046973E-04
 0.1038176002317E-01 0.2736247504588E+00 0.9578591046973E-04-0.1603110436031E-01
    4    4    0  0.139650
-0.2853634481860E-01-0.3064736825266E-02 0.1725959797886E-04-0.2837221842668E-02
-0.3064736825266E-02-0.3887516201436E-01-0.1200294178314E-04-0.1494662619811E-02
 0.1725959797886E-04-0.1200294178314E-04-0.2673140570209E-03 0.1576690239914E-04
-0.2837221842668E-02-0.1494662619811E-02 0.1576690239914E-04-0.3865898758832E-01
 0.2366378553756E+00 0.1118974636235E-01-0.1591714637863E-03 0.1087260631711E-01
 0.1118974636235E-01 0.2538410285929E-01-0.9307813741139E-04 0.2746959178249E+00
-0.1591714637863E-03-0.9307813741139E-04-0.2311954323704E-01 0.9320994113141E-04
 0.1087260631711E-01 0.2746959178249E+00 0.9320994113141E-04-0.1539818939549E-01
    4    4    0  0.143325
-0.3037571562556E-01-0.3225327165901E-02 0.1293514483077E-04-0.2990741590131E-02
-0.3225327165901E-02-0.3914736101004E-01-0.1190010874947E-04-0.1509467386124E-02
 0.1293514483077E-04-0.1190010874947E-04-0.2686457231537E-03 0.1380943698208E-04
-0.2990741590131E-02-0.1509467386124E-02 0.1380943698208E-04-0.3894150703470E-01
 0.2440250497991E+00 0.1140074228822E-01-0.1158276024580E-03 0.1145357774860E-01
 0.1140074228822E-01 0.2474831184586E-01-0.8093770516352E-04 0.2756937836848E+00
-0.1158276024580E-03-0.8093770516352E-04-0.2317737453401E-01 0.9010502912159E-04
 0.1145357774860E-01 0.2756937836848E+00 0.9010502912159E-04-0.1473414255718E-01
    4    4    0  0.147000
-0.3280101094690E-01-0.3426381071320E-02 0.7448092610154E-05-0.3184830665083E-02
-0.3426381071320E-02-0.3940319382844E-01-0.1175792207584E-04-0.1537349280585E-02
 0.7448092610154E-05-0.1175792207584E-04-0.2690064926517E-03 0.1148096464348E-04
-0.3184830665083E-02-0.1537349280585E-02 0.1148096464348E-04-0.3920833577624E-01
 0.2534173271724E+00 0.1161894390959E-01-0.6485631162496E-04 0.1220190601709E-01
 0.1161894390959E-01 0.2415662424032E-01-0.6685665616270E-04 0.2766245207544E+00
-0.6485631162496E-04-0.6685665616270E-04-0.2319319184176E-01 0.8643675339539E-04
 0.1220190601709E-01 0.2766245207544E+00 0.8643675339539E-04-0.1403038747793E-01
    4    4    0  0.150675
-0.3639678777720E-01-0.3707358820805E-02 0.1760730029538E-06-0.3462097654764E-02
-0.3707358820805E-02-0.3964440456045E-01-0.1159928669545E-04-0.1582703941611E-02
 0.1760730029538E-06-0.1159928669545E-04-0.2682665464339E-03 0.8681611577123E-05
-0.3462097654764E-02-0.1582703941611E-02 0.8681611577123E-05-0.3946374517551E-01
 0.2666948397516E+00 0.1184963698007E-01-0.3504695564215E-05 0.1328786308232E-01
 0.1184963698007E-01 0.2361131341376E-01-0.5043107649842E-04 0.2774940902997E+00
-0.3504695564215E-05-0.5043107649842E-04-0.2316142484976E-01 0.8221517716909E-04
 0.1328786308232E-01 0.2774940902997E+00 0.8221517716909E-04-0.1326905439637E-01
    4    4    0  0.154350
-0.4289784837974E-01-0.4177938381755E-02-0.1051178868789E-04-0.3950886761019E-02
-0.4177938381755E-02-0.3987339036177E-01-0.1150264503307E-04-0.1656225759002E-02
-0.1051178868789E-04-0.1150264503307E-04-0.2662679722479E-03 0.5217016272905E-05
-0.3950886761019E-02-0.1656225759002E-02 0.5217016272905E-05-0.3971808648171E-01
 0.2890422354141E+00 0.1210409689898E-01 0.7421989857968E-04 0.1518150369903E-01
 0.1210409689898E-01 0.2311428083272E-01-0.3110813746769E-04 0.2783090278297E+00
 0.7421989857968E-04-0.3110813746769E-04-0.2307492729666E-01 0.7765166769969E-04
 0.1518150369903E-01 0.2783090278297E+00 0.7765166769969E-04-0.1240543818603E-01
    4    4    0  0.158025
-0.6066638824520E-01-0.5305188557543E-02-0.3185115417107E-04-0.5286452097950E-02
-0.5305188557543E-02-0.4009571440844E-01-0.1184018282558E-04-0.1800537094199E-02
-0.3185115417107E-04-0.1184018282558E-04-0.2628140482621E-03 0.4344721469154E-06
-0.5286452097950E-02-0.1800537094199E-02 0.4344721469154E-06-0.4001925446571E-01
 0.3421230360550E+00 0.1240661067459E-01 0.1890041964050E-03 0.1985300232388E-01
 0.1240661067459E-01 0.2266228983321E-01-0.8096493110542E-05 0.2790786125249E+00
 0.1890041964050E-03-0.8096493110542E-05-0.2292414856552E-01 0.7412713355201E-04
 0.1985300232388E-01 0.2790786125249E+00 0.7412713355201E-04-0.1125879783529E-01
    4    4    0  0.161700
-0.3466002321495E+00-0.1522551168650E-01-0.2784726206775E-03-0.2869054231518E-01
-0.1522551168650E-01-0.4034129912588E-01-0.1934324003433E-04-0.2752333230360E-02
-0.2784726206775E-03-0.1934324003433E-04-0.2578110799193E-03-0.2356268761706E-04
-0.2869054231518E-01-0.2752333230360E-02-0.2356268761706E-04-0.4210421438081E-01
 0.7540262692131E+00 0.1070791336372E-01 0.6202590570069E-03 0.5781905921232E-01
 0.1070791336372E-01 0.2209622781661E-01 0.1818222742702E-04 0.2796656627031E+00
 0.6202590570069E-03 0.1818222742702E-04-0.2269543716319E-01 0.9642097524820E-04
 0.5781905921232E-01 0.2796656627031E+00 0.9642097524820E-04-0.7000355765890E-02
    4    4    0  0.165375
-0.1564751836474E-02 0.4594165981743E-03-0.2089598688168E-05-0.1513931121495E-02
 0.4594165981743E-03-0.4041524231325E-01-0.5322262988923E-05-0.1426204025498E-02
-0.2089598688168E-05-0.5322262988923E-05-0.2502847202829E-03-0.6431870980278E-05
-0.1513931121495E-02-0.1426204025498E-02-0.6431870980278E-05-0.4018954771793E-01
 0.5432254807373E-01 0.1153778661857E-01 0.1182688076074E-03-0.6362266296694E-02
 0.1153778661857E-01 0.2209529089385E-01 0.5158423720764E-04 0.2803096905295E+00
 0.1182688076074E-03 0.5158423720764E-04-0.2237161211752E-01 0.3235554832599E-04
-0.6362266296694E-02 0.2803096905295E+00 0.3235554832599E-04-0.1206513652270E-01
    4    4    0  0.169050
-0.1316375194017E-01-0.1603657902749E-02-0.2459791669505E-04-0.2027270612023E-02
-0.1603657902749E-02-0.4062658794461E-01-0.5923816927164E-05-0.1699504584492E-02
-0.2459791669505E-04-0.5923816927164E-05-0.2403215427884E-03-0.1377435622450E-04
-0.2027270612023E-02-0.1699504584492E-02-0.1377435622450E-04-0.4035900766104E-01
 0.1611958825594E+00 0.1242145589528E-01 0.3415395759116E-03 0.3002598105881E-02
 0.1242145589528E-01 0.2186035268932E-01 0.9517293676635E-04 0.2810071520931E+00
 0.3415395759116E-03 0.9517293676635E-04-0.2191935487501E-01 0.2599893318474E-04
 0.3002598105881E-02 0.2810071520931E+00 0.2599893318474E-04-0.1039863895887E-01
    4    4    0  0.172725
-0.1905970834413E-01-0.2256342484206E-02-0.4757338143235E-04-0.2405715109823E-02
-0.2256342484206E-02-0.4081240314830E-01-0.5017055735735E-05-0.1873082672981E-02
-0.4757338143235E-04-0.5017055735735E-05-0.2268220809935E-03-0.2321271967561E-04
-0.2405715109823E-02-0.1873082672981E-02-0.2321271967561E-04-0.4054229361307E-01
 0.1937733053433E+00 0.1281155894017E-01 0.5343613835257E-03 0.5722582288202E-02
 0.1281155894017E-01 0.2176511884790E-01 0.1512539261584E-03 0.2816250613527E+00
 0.5343613835257E-03 0.1512539261584E-03-0.2129040560083E-01 0.9798806932941E-05
 0.5722582288202E-02 0.2816250613527E+00 0.9798806932941E-05-0.9283856206859E-02
    4    4    0  0.176400
-0.2273237974080E-01-0.2619092229978E-02-0.7628992990129E-04-0.2661543675923E-02
-0.2619092229978E-02-0.4099433082753E-01-0.3421417536441E-05-0.2052763287211E-02
-0.7628992990129E-04-0.3421417536441E-05-0.2082923447825E-03-0.3602077469623E-04
-0.2661543675923E-02-0.2052763287211E-02-0.3602077469623E-04-0.4071727645474E-01
 0.2114486257946E+00 0.1314261257694E-01 0.7737293218024E-03 0.7085255189096E-02
 0.1314261257694E-01 0.2184203533648E-01 0.2284120926870E-03 0.2822183517369E+00
 0.7737293218024E-03 0.2284120926870E-03-0.2039321301842E-01-0.1442727597090E-04
 0.7085255189096E-02 0.2822183517369E+00-0.1442727597090E-04-0.8243679513634E-02
    4    4    0  0.180075
-0.2554084040566E-01-0.2885049498477E-02-0.1179461118532E-03-0.2868292939450E-02
-0.2885049498477E-02-0.4118398769278E-01-0.1067212138532E-05-0.2272190469459E-02
-0.1179461118532E-03-0.1067212138532E-05-0.1819334674393E-03-0.5499329052186E-04
-0.2868292939450E-02-0.2272190469459E-02-0.5499329052186E-04-0.4089229266327E-01
 0.2239783694281E+00 0.1348700526519E-01 0.1114819873944E-02 0.7957992860226E-02
 0.1348700526519E-01 0.2218886860535E-01 0.3435867872492E-03 0.2828144355034E+00
 0.1114819873944E-02 0.3435867872492E-03-0.1903820887157E-01-0.5124584279811E-04
 0.7957992860226E-02 0.2828144355034E+00-0.5124584279811E-04-0.7188570337815E-02
    4    4    0  0.183750
-0.2805643900555E-01-0.3125145236626E-02-0.1888060999210E-03-0.3064944953888E-02
-0.3125145236626E-02-0.4140361604220E-01 0.2384075048315E-05-0.2578588952014E-02
-0.1888060999210E-03 0.2384075048315E-05-0.1418540820459E-03-0.8714165409306E-04
-0.3064944953888E-02-0.2578588952014E-02-0.8714165409306E-04-0.4108323591934E-01
 0.2345978774319E+00 0.1390390747626E-01 0.1677765310991E-02 0.8615134255831E-02
 0.1390390747626E-01 0.2305145626577E-01 0.5400042173670E-03 0.2834635375493E+00
 0.1677765310991E-02 0.5400042173670E-03-0.1674889183801E-01-0.1136469151160E-03
 0.8615134255831E-02 0.2834635375493E+00-0.1136469151160E-03-0.6064518861559E-02
    4    4    0  0.187425
-0.3068510071480E-01-0.3400407341270E-02-0.3471387171610E-03-0.3294200789206E-02
-0.3400407341270E-02-0.4172429863441E-01 0.7028142203776E-05-0.3114529246736E-02
-0.3471387171610E-03 0.7028142203776E-05-0.7497249636246E-04-0.1574919943907E-03
-0.3294200789206E-02-0.3114529246736E-02-0.1574919943907E-03-0.4133602800805E-01
 0.2451571208186E+00 0.1455139442554E-01 0.2876953962199E-02 0.9168269062183E-02
 0.1455139442554E-01 0.2525282600438E-01 0.9737479721363E-03 0.2843167609803E+00
 0.2876953962199E-02 0.9737479721363E-03-0.1185359647504E-01-0.2474163107335E-03
 0.9168269062183E-02 0.2843167609803E+00-0.2474163107335E-03-0.4761617674099E-02
    4    4    0  0.191100
-0.3424299995691E-01-0.3958101643244E-02-0.1114860180187E-02-0.3734681278595E-02
-0.3958101643244E-02-0.4263135579114E-01-0.1931539204593E-04-0.4848272000778E-02
-0.1114860180187E-02-0.1931539204593E-04-0.7825936094310E-04-0.4749433474848E-03
-0.3734681278595E-02-0.4848272000778E-02-0.4749433474848E-03-0.4191318966154E-01
 0.2585596518649E+00 0.1660753840639E-01 0.8026757744020E-02 0.9445993721776E-02
 0.1660753840639E-01 0.3443774395419E-01 0.2987192618753E-02 0.2862436279505E+00
 0.8026757744020E-02 0.2987192618753E-02 0.9001933307719E-02-0.8104177751135E-03
 0.9445993721776E-02 0.2862436279505E+00-0.8104177751135E-03-0.2585842610739E-02
    4    4    0  0.194775
-0.3721330778205E-01-0.3009663993348E-02 0.1047161588951E-02-0.3014166537710E-02
-0.3009663993348E-02-0.3882700841547E-01-0.2594457739601E-03 0.3238095232673E-02
 0.1047161588951E-02-0.2594457739601E-03-0.2123257758094E-02 0.4795433386539E-03
-0.3014166537710E-02 0.3238095232673E-02 0.4795433386539E-03-0.3875081333544E-01
 0.2695991960922E+00 0.9518588411092E-02-0.9962940386366E-02 0.1220472135300E-01
 0.9518588411092E-02-0.1587442787912E-01-0.2581503649799E-02 0.2752773228061E+00
-0.9962940386366E-02-0.2581503649799E-02-0.6428531093217E-01 0.1444966256169E-02
 0.1220472135300E-01 0.2752773228061E+00 0.1444966256169E-02-0.7180049592733E-02
    4    4    0  0.198450
-0.5196726227047E-01-0.4497665536601E-02 0.3909272373503E-03-0.4439865634819E-02
-0.4497665536601E-02-0.4087479150493E-01-0.5159358106921E-04-0.1310180988732E-02
 0.3909272373503E-03-0.5159358106921E-04-0.5865778174283E-03 0.1633805501800E-03
-0.4439865634819E-02-0.1310180988732E-02 0.1633805501800E-03-0.4084881609713E-01
 0.3174678620193E+00 0.1298996746229E-01-0.2664630564938E-02 0.1523650356908E-01
 0.1298996746229E-01 0.1095673744193E-01-0.9295496538852E-03 0.2824309345403E+00
-0.2664630564938E-02-0.9295496538852E-03-0.3412471373476E-01 0.4110669387364E-03
 0.1523650356908E-01 0.2824309345403E+00 0.4110669387364E-03-0.2828063136281E-02
    4    4    0  0.202125
-0.1396722212804E-02 0.2463904545335E-02-0.4549802571212E-04-0.2222244596940E-02
 0.2463904545335E-02-0.4120949921204E-01-0.2597792299555E-04-0.1536598123486E-02
-0.4549802571212E-04-0.2597792299555E-04-0.3868494645767E-03 0.6024475308887E-04
-0.2222244596940E-02-0.1536598123486E-02 0.6024475308887E-04-0.4114483151164E-01
-0.4880211830405E-01 0.1247534723225E-01-0.1309437112108E-02-0.1553984108225E-01
 0.1247534723225E-01 0.1494476265558E-01-0.4643822428977E-03 0.2834310270494E+00
-0.1309437112108E-02-0.4643822428977E-03-0.2777706986640E-01 0.2168306049737E-03
-0.1553984108225E-01 0.2834310270494E+00 0.2168306049737E-03-0.3844731233520E-02
    4    4    0  0.205800
-0.2240254152734E-01-0.2465319708373E-02 0.3192295763967E-04-0.2674961862269E-02
-0.2465319708373E-02-0.4150923495646E-01-0.1505374099164E-04-0.2445532857631E-02
 0.3192295763967E-04-0.1505374099164E-04-0.2851236672188E-03 0.2698727557866E-04
-0.2674961862269E-02-0.2445532857631E-02 0.2698727557866E-04-0.4127023065450E-01
 0.2099013861391E+00 0.1420443020674E-01-0.3295981442518E-03 0.5432179205005E-02
 0.1420443020674E-01 0.1695891597723E-01-0.1693714898171E-03 0.2842428456656E+00
-0.3295981442518E-03-0.1693714898171E-03-0.2387494828009E-01 0.1165672056350E-03
 0.5432179205005E-02 0.2842428456656E+00 0.1165672056350E-03-0.7583663935675E-03
    4    4    0  0.209475
-0.2940119243942E-01-0.3113638496971E-02-0.7439933340343E-04-0.3137344357800E-02
-0.3113638496971E-02-0.4176955115482E-01-0.5137299419796E-05-0.3043695664522E-02
-0.7439933340343E-04-0.5137299419796E-05-0.1901714963247E-03-0.2590006665725E-04
-0.3137344357800E-02-0.3043695664522E-02-0.2590006665725E-04-0.4149236378738E-01
 0.2400860491396E+00 0.1481657301979E-01 0.6533600015327E-03 0.7559288695823E-02
 0.1481657301979E-01 0.1922766605150E-01 0.1598268309772E-03 0.2849319015644E+00
 0.6533600015327E-03 0.1598268309772E-03-0.1948969396705E-01 0.3856274126355E-06
 0.7559288695823E-02 0.2849319015644E+00 0.3856274126355E-06 0.8199167721520E-03
    4    4    0  0.213150
-0.3449345511148E-01-0.3648941460205E-02-0.4018045862224E-03-0.3553829207042E-02
-0.3648941460205E-02-0.4230708300101E-01 0.7929182139657E-05-0.4202541819571E-02
-0.4018045862224E-03 0.7929182139657E-05-0.4247199419338E-04-0.1651995590632E-03
-0.3553829207042E-02-0.4202541819571E-02-0.1651995590632E-03-0.4189356313468E-01
 0.2596789931330E+00 0.1594624968721E-01 0.3088031254036E-02 0.8602764904990E-02
 0.1594624968721E-01 0.2485713735975E-01 0.1026494330165E-02 0.2862168525579E+00
 0.3088031254036E-02 0.1026494330165E-02-0.8606882651170E-02-0.2921082298508E-03
 0.8602764904990E-02 0.2862168525579E+00-0.2921082298508E-03 0.2749128439535E-02
    4    4    0  0.216825
-0.4084792960722E-01-0.3188302746250E-02 0.1109797222229E-02-0.3256477456920E-02
-0.3188302746250E-02-0.3923093291981E-01-0.2717365793886E-03 0.2452891315754E-02
 0.1109797222229E-02-0.2717365793886E-03-0.2272869135673E-02 0.5087381132148E-03
-0.3256477456920E-02 0.2452891315754E-02 0.5087381132148E-03-0.3909698308420E-01
 0.2822266584367E+00 0.1074805963405E-01-0.1000661251761E-01 0.1173731141407E-01
 0.1074805963405E-01-0.1659715005841E-01-0.2801536913594E-02 0.2766002696417E+00
-0.1000661251761E-01-0.2801536913594E-02-0.6654952752540E-01 0.1479025056327E-02
 0.1173731141407E-01 0.2766002696417E+00 0.1479025056327E-02-0.9223807281391E-03
    4    4    0  0.220500
-0.4402515117148E-02 0.3402270436556E-02-0.1064561254254E-03-0.2807909364539E-02
 0.3402270436556E-02-0.4129425583752E-01-0.3746147369719E-04-0.1894550961698E-02
-0.1064561254254E-03-0.3746147369719E-04-0.4388789428666E-03 0.8304773514524E-04
-0.2807909364539E-02-0.1894550961698E-02 0.8304773514524E-04-0.4132665692093E-01
-0.9053535965792E-01 0.1311325678347E-01-0.1896327996694E-02-0.1984872920819E-01
 0.1311325678347E-01 0.1254208760898E-01-0.6762793386804E-03 0.2837929018144E+00
-0.1896327996694E-02-0.6762793386804E-03-0.2955330304855E-01 0.3074135936427E-03
-0.1984872920819E-01 0.2837929018144E+00 0.3074135936427E-03 0.1209553560430E-02
    4    4    0  0.224175
-0.3082155284601E-01-0.3128301656825E-02-0.7042183350008E-05-0.3179435151457E-02
-0.3128301656825E-02-0.4179917128680E-01-0.1203142962597E-04-0.3441074464405E-02
-0.7042183350008E-05-0.1203142962597E-04-0.2157587112685E-03 0.8415482043931E-05
-0.3179435151457E-02-0.3441074464405E-02 0.8415482043931E-05-0.4155516776204E-01
 0.2457420854510E+00 0.1536878242984E-01 0.6294252802592E-04 0.6918558122511E-02
 0.1536878242984E-01 0.1751563063997E-01-0.5526011277968E-04 0.2851079525374E+00
 0.6294252802592E-04-0.5526011277968E-04-0.2077155285464E-01 0.7862641135700E-04
 0.6918558122511E-02 0.2851079525374E+00 0.7862641135700E-04 0.5209266308496E-02
    4    4    0  0.227850
-0.4195915128229E-01-0.5233311389165E-02-0.3570670150607E-02-0.4565462789224E-02
-0.5233311389165E-02-0.4526727447482E-01-0.4040659931479E-03-0.1032854005682E-01
-0.3570670150607E-02-0.4040659931479E-03-0.2638256349684E-02-0.1150951371749E-02
-0.4565462789224E-02-0.1032854005682E-01-0.1150951371749E-02-0.4343314025422E-01
 0.2848922059742E+00 0.2259466231279E-01 0.1923359462726E-01 0.7261718267302E-02
 0.2259466231279E-01 0.5583141819477E-01 0.7802815257204E-02 0.2909684575784E+00
 0.1923359462726E-01 0.7802815257204E-02 0.6942227374185E-01-0.2246659604535E-02
 0.7261718267302E-02 0.2909684575784E+00-0.2246659604535E-02 0.1142683769655E-01
    4    4    0  0.231525
-0.1907712856908E-01-0.1936776926150E-02 0.1284639762918E-03-0.2445202821217E-02
-0.1936776926150E-02-0.4147269825830E-01-0.3254859872871E-04-0.2971395634655E-02
 0.1284639762918E-03-0.3254859872871E-04-0.3732196593550E-03 0.8722219198354E-04
-0.2445202821217E-02-0.2971395634655E-02 0.8722219198354E-04-0.4128816372538E-01
 0.1937636794095E+00 0.1514503906576E-01-0.1479105487733E-02 0.2156446005780E-02
 0.1514503906576E-01 0.1324623682529E-01-0.5688344695180E-03 0.2842669025555E+00
-0.1479105487733E-02-0.5688344695180E-03-0.2727062425985E-01 0.2767353633946E-03
 0.2156446005780E-02 0.2842669025555E+00 0.2767353633946E-03 0.6663365518777E-02
    4    4    0  0.235200
-0.4136818897398E-01-0.4510386895155E-02-0.1533994641749E-02-0.4161155372218E-02
-0.4510386895155E-02-0.4384535752789E-01-0.6064798496515E-04-0.7949250559748E-02
-0.1533994641749E-02-0.6064798496515E-04-0.4090713958170E-03-0.5403745776893E-03
-0.4161155372218E-02-0.7949250559748E-02-0.5403745776893E-03-0.4290188956424E-01
 0.2836443566762E+00 0.1950119406448E-01 0.9477646807607E-02 0.7797147697431E-02
 0.1950119406448E-01 0.4014995131587E-01 0.3519931737763E-02 0.2892750537921E+00
 0.9477646807607E-02 0.3519931737763E-02 0.2668225275084E-01-0.1080883664261E-02
 0.7797147697431E-02 0.2892750537921E+00-0.1080883664261E-02 0.1184857075798E-01
    4    4    0  0.238875
-0.3436050792505E-01-0.3314243372217E-02 0.8193850255402E-05-0.3330203467703E-02
-0.3314243372217E-02-0.4182449852869E-01-0.1476340937833E-04-0.4131674942709E-02
 0.8193850255402E-05-0.1476340937833E-04-0.1945313193013E-03 0.1718321779320E-04
-0.3330203467703E-02-0.4131674942709E-02 0.1718321779320E-04-0.4160695492064E-01
 0.2592562770869E+00 0.1612394452328E-01-0.6249021178665E-04 0.6670390757480E-02
 0.1612394452328E-01 0.1736128037661E-01-0.1130987457645E-03 0.2851495130290E+00
-0.6249021178665E-04-0.1130987457645E-03-0.1972299769378E-01 0.1043140758942E-03
 0.6670390757480E-02 0.2851495130290E+00 0.1043140758942E-03 0.9993001568652E-02
    4    4    0  0.242550
-0.3453575611531E-01-0.3287844032966E-02 0.3682420437722E-04-0.3311051614613E-02
-0.3287844032966E-02-0.4176667921988E-01-0.1773548846437E-04-0.4208555173972E-02
 0.3682420437722E-04-0.1773548846437E-04-0.2088533025300E-03 0.2998151654077E-04
-0.3311051614613E-02-0.4208555173972E-02 0.2998151654077E-04-0.4156767865043E-01
 0.2599086793477E+00 0.1624065912803E-01-0.2924589904485E-03 0.6375994160205E-02
 0.1624065912803E-01 0.1679092451809E-01-0.1948282249608E-03 0.2849818391828E+00
-0.2924589904485E-03-0.1948282249608E-03-0.2043326171048E-01 0.1368994889564E-03
 0.6375994160205E-02 0.2849818391828E+00 0.1368994889564E-03 0.1111255088347E-01
    4    4    0  0.246225
-0.5049494425896E-01-0.3967541972801E-02 0.7579348781173E-03-0.3977612312183E-02
-0.3967541972801E-02-0.4030255848852E-01-0.1274596768417E-03-0.1378120243545E-02
 0.7579348781173E-03-0.1274596768417E-03-0.1171556712360E-02 0.3080604981283E-03
-0.3977612312183E-02-0.1378120243545E-02 0.3080604981283E-03-0.4031393278617E-01
 0.3131311922885E+00 0.1424919805063E-01-0.5506726974513E-02 0.1111326220515E-01
 0.1424919805063E-01-0.1480780415753E-02-0.1805722415368E-02 0.2806326262509E+00
-0.5506726974513E-02-0.1805722415368E-02-0.4802838908658E-01 0.8628055425398E-03
 0.1111326220515E-01 0.2806326262509E+00 0.8628055425398E-03 0.1029159523862E-01
    4    4    0  0.249900
-0.4029495463149E-01-0.3792877365842E-02-0.1955333392750E-03-0.3674850008809E-02
-0.3792877365842E-02-0.4219449418077E-01-0.4391619583344E-05-0.5527964289922E-02
-0.1955333392750E-03-0.4391619583344E-05-0.5359337972321E-04-0.6060609322883E-04
-0.3674850008809E-02-0.5527964289922E-02-0.6060609322883E-04-0.4191371315932E-01
 0.2803345608784E+00 0.1728974045862E-01 0.1395515126853E-02 0.7067432996397E-02
 0.1728974045862E-01 0.2221839806984E-01 0.3789596012298E-03 0.2859561727728E+00
 0.1395515126853E-02 0.3789596012298E-03-0.1024916688852E-01-0.7393758937873E-04
 0.7067432996397E-02 0.2859561727728E+00-0.7393758937873E-04 0.1434271801786E-01
    4    4    0  0.253575
-0.2827385928734E-01 0.5680148528910E-02-0.1640892323568E-02-0.4882239973906E-02
 0.5680148528910E-02-0.4085871965376E-01 0.3107628872826E-04-0.3016312951104E-02
-0.1640892323568E-02 0.3107628872826E-04-0.2735442856226E-03-0.1391322400539E-03
-0.4882239973906E-02-0.3016312951104E-02-0.1391322400539E-03-0.4140039834112E-01
-0.2331971992409E+00 0.7496016981284E-02-0.1283418235121E-01-0.3297990801315E-01
 0.7496016981284E-02 0.1034893931046E-01-0.5576083964237E-03 0.2825651064734E+00
-0.1283418235121E-01-0.5576083964237E-03-0.1947445865160E-01 0.1385283891620E-03
-0.3297990801315E-01 0.2825651064734E+00 0.1385283891620E-03 0.1109581054524E-01
   10   10    0  0.257250
-0.6450848096625E-01-0.4215374527795E-02-0.1469538874307E-02-0.5289648896476E-02
 0.9708844634928E-01-0.2435254350703E-03-0.5996401980994E-03-0.1160741846234E+00
 0.1406155684762E-02 0.4694897675043E-02-0.4215374527795E-02-0.4728261945576E-01
-0.5699783442593E-03-0.5764238639594E-02-0.1949767661649E-02-0.2921775834295E-02
-0.1683637055116E-02 0.1759554071120E-02 0.2854988696712E-02-0.9633501640356E-03
-0.1469538874307E-02-0.5699783442593E-03-0.9998311292531E-02 0.3132498627432E-03
 0.1198416630993E-03-0.3701348886555E-04-0.1202713064574E-02 0.4063747550615E-04
 0.3061753618229E-03 0.1731891940565E-02-0.5289648896476E-02-0.5764238639594E-02
 0.3132498627432E-03-0.4228957852912E-01 0.9452201445958E-02-0.8543229778851E-02
 0.1632975548360E-02-0.9974952502004E-02 0.1187683577972E-01 0.2674088073610E-02
 0.9708844634928E-01-0.1949767661649E-02 0.1198416630993E-03 0.9452201445958E-02
-0.1304842242146E+01-0.5807451516335E-02 0.1284703491375E-02-0.4612377335092E-01
 0.2110262777604E-02 0.5150872331865E-02-0.2435254350703E-03-0.2921775834295E-02
-0.3701348886555E-04-0.8543229778851E-02-0.5807451516335E-02-0.3830674018433E-02
 0.3252673622169E-03 0.2056753665093E-02 0.2276973482620E-02 0.5780741409235E-03
-0.5996401980994E-03-0.1683637055116E-02-0.1202713064574E-02 0.1632975548360E-02
 0.1284703491375E-02 0.3252673622169E-03-0.5143351788293E-02-0.5033518732193E-02
-0.5076826821966E-03 0.4253468337723E-02-0.1160741846234E+00 0.1759554071120E-02
 0.4063747550615E-04-0.9974952502004E-02-0.4612377335092E-01 0.2056753665093E-02
-0.5033518732193E-02-0.1299954428748E+01-0.5849139303449E-02-0.1337425613734E-02
 0.1406155684762E-02 0.2854988696712E-02 0.3061753618229E-03 0.1187683577972E-01
 0.2110262777604E-02 0.2276973482620E-02-0.5076826821966E-03-0.5849139303449E-02
-0.5591031436755E-02-0.8907572173335E-03 0.4694897675043E-02-0.9633501640356E-03
 0.1731891940565E-02 0.2674088073610E-02 0.5150872331865E-02 0.5780741409235E-03
 0.4253468337723E-02-0.1337425613734E-02-0.8907572173335E-03-0.8762423982451E-02
 0.2770530609210E+00 0.1600530071957E-01-0.1564376238480E-02 0.6418953390505E-02
 0.9987586329621E-01 0.8664847727617E-03 0.1819745975807E-03-0.1181014643336E+00
-0.8970010374160E-02-0.2865798572809E-01 0.1600530071957E-01 0.1343886552047E-01
-0.5612626300614E-03 0.2829192769036E+00 0.1798238043248E-02 0.6214172916062E-01
-0.1459333467017E-01-0.2311623486547E-02-0.8526363700898E-01-0.2043267167612E-01
-0.1564376238480E-02-0.5612626300614E-03-0.2445848287214E-01 0.2059104156180E-03
-0.2763002572494E-03-0.1441072709093E-03 0.8208426176128E-01-0.1675148165848E-03
 0.2317960709174E-03-0.1120289681973E+00 0.6418953390505E-02 0.2829192769036E+00
 0.2059104156180E-03 0.1521659965850E-01 0.7891008210149E-02 0.2162767654344E-01
 0.2079619150631E-01-0.8487738463021E-02-0.2441213195362E-01 0.1923873991201E-01
 0.9987586329621E-01 0.1798238043248E-02-0.2763002572494E-03 0.7891008210149E-02
-0.9408989330992E+00-0.3906959022610E-02 0.1432343274158E-02 0.2454716839278E-02
 0.8106819377136E-03 0.1596758148702E-02 0.8664847727617E-03 0.6214172916062E-01
-0.1441072709093E-03 0.2162767654344E-01-0.3906959022610E-02-0.5116799950679E-01
-0.1272885657524E-01 0.1456993872084E-02-0.1702474730573E-01-0.1019651124812E-01
 0.1819745975807E-03-0.1459333467017E-01 0.8208426176128E-01 0.2079619150631E-01
