                  12                   1               38938                   1               38937
T-Matrices                                                  
    7    3    2   28    2    1    0    0   10   28   28     0.00000000
    1    3   -2  0.000000
    2    2   -2  0.166400
    2    4   -2  0.166400
    2    4   -4  0.166400
    3    2    1  0.220000
    3    4    1  0.220000
    3    4    3  0.220000
    4    2   -1  0.220000
    4    4   -3  0.220000
    4    4   -1  0.220000
    5    2    1  0.791800
    5    4    1  0.791800
    5    4    3  0.791800
    6    2   -1  0.791800
    6    4   -3  0.791800
    6    4   -1  0.791800
    7    1    1  0.835600
    7    3    1  0.835600
    7    3    3  0.835600
    8    1   -1  0.835600
    8    3   -1  0.835600
    8    3   -3  0.835600
    9    2   -2  0.895600
    9    4   -2  0.895600
    9    4   -4  0.895600
   10    2   -2  0.985800
   10    4   -2  0.985800
   10    4   -4  0.985800
    1   99     0.00735000     0.00367500
    1    1    0  0.007350
-0.2105230731974E-02
 0.6485390865256E-01
    1    1    0  0.011025
-0.2455895608119E-02
 0.7004112929558E-01
    1    1    0  0.014700
-0.2896120337415E-02
 0.7605164798886E-01
    1    1    0  0.018375
-0.3459183144338E-02
 0.8310475522285E-01
    1    1    0  0.022050
-0.4196571646054E-02
 0.9151793309799E-01
    1    1    0  0.025725
-0.5191946648487E-02
 0.1017690374671E+00
    1    1    0  0.029400
-0.6589743826354E-02
 0.1146126647845E+00
    1    1    0  0.033075
-0.8659305955197E-02
 0.1313149965951E+00
    1    1    0  0.036750
-0.1195661268131E-01
 0.1541760836700E+00
    1    1    0  0.040425
-0.1780270161594E-01
 0.1878522479159E+00
    1    1    0  0.044100
-0.3006805078049E-01
 0.2433762804450E+00
    1    1    0  0.047775
-0.6486880070858E-01
 0.3543016230725E+00
    1    1    0  0.051450
-0.2634928768449E+00
 0.6764297875920E+00
    1    1    0  0.055125
-0.1310870684466E+01
-0.9504522173890E+00
    1    1    0  0.058800
-0.8887107581148E-01
-0.4121214426684E+00
    1    1    0  0.062475
-0.2161636892314E-01
-0.2067981393554E+00
    1    1    0  0.066150
-0.7493696633737E-02
-0.1221934440886E+00
    1    1    0  0.069825
-0.2798134441835E-02
-0.7475586483558E-01
    1    1    0  0.073500
-0.9250959434857E-03
-0.4300390778135E-01
    1    1    0  0.077175
-0.1790750787136E-03
-0.1892400828427E-01
    1    1    0  0.080850
-0.8879774811182E-06
 0.1332649306356E-02
    1    1    0  0.084525
-0.2031274534282E-03
 0.2015474252116E-01
    1    1    0  0.088200
-0.7871029702594E-03
 0.3966845610095E-01
    1    1    0  0.091875
-0.1981470353229E-02
 0.6292069994602E-01
    1    1    0  0.095550
-0.4722320996395E-02
 0.9706874717022E-01
    1    1    0  0.099225
-0.1493327423864E-01
 0.1721730112352E+00
    1    1    0  0.102900
-0.6251479473746E+00
 0.9270846448100E+00
    1    1    0  0.106575
-0.5449250459830E-02
-0.1042535687115E+00
    1    1    0  0.110250
-0.1093276331714E-03
 0.1478659236645E-01
    1    1    0  0.113925
-0.6501534971957E-02
 0.1138455092963E+00
    1    1    0  0.117600
-0.3216298164605E+00
-0.7347202828863E+00
    1    1    0  0.121275
-0.3865431114896E-03
-0.2780174108580E-01
    1    1    0  0.124950
-0.1702443077166E-01
 0.1837363064291E+00
    1    1    0  0.128625
-0.3112630906258E-02
-0.7883890753528E-01
    1    1    0  0.132300
-0.1688966104641E-06
-0.5811997869943E-03
    1    1    0  0.135975
-0.1793894093836E-02
 0.5987127968944E-01
    1    1    0  0.139650
-0.2589966498800E-02
-0.7192513518330E-01
    1    1    0  0.143325
-0.8547685044171E-03
 0.4133771134978E-01
    1    1    0  0.147000
-0.2900459705882E-03
-0.2408335139700E-01
    1    1    0  0.150675
-0.1885487665171E+01
-0.4646628829921E+00
    1    1    0  0.154350
-0.1047821168763E-02
-0.4576619285372E-01
    1    1    0  0.158025
-0.5523557629584E-01
 0.3277501849015E+00
    1    1    0  0.161700
-0.1387055219255E+00
-0.5081061129709E+00
    1    1    0  0.165375
-0.2706621802224E-03
-0.2326480394134E-01
    4    4    0  0.169050
-0.3736738621691E-01 0.2619924711805E-01 0.1177356346146E-02-0.8911028843406E-05
 0.2619924711805E-01-0.4750605025970E-01-0.1369353121101E-01 0.9284835762405E-05
 0.1177356346146E-02-0.1369353121101E-01-0.6742658266750E-02 0.1660931240141E-05
-0.8911028843406E-05 0.9284835762405E-05 0.1660931240141E-05-0.1986510758281E-03
 0.2806740636887E-01-0.2422031622338E+00-0.1148934802992E+00 0.3424323167441E-04
-0.2422031622338E+00 0.1821423536989E+00-0.6568856811444E-02-0.5990377831018E-04
-0.1148934802992E+00-0.6568856811444E-02 0.2700365481905E-02-0.2136416978401E-04
 0.3424323167441E-04-0.5990377831018E-04-0.2136416978401E-04-0.1993131464665E-01
    4    4    0  0.172725
-0.3755959011279E-01 0.2758660002259E-01 0.1694989883038E-02-0.9971527153405E-05
 0.2758660002259E-01-0.4792410979735E-01-0.1382885520241E-01 0.9955441049182E-05
 0.1694989883038E-02-0.1382885520241E-01-0.6977356059790E-02 0.1647470600115E-05
-0.9971527153405E-05 0.9955441049182E-05 0.1647470600115E-05-0.1979890927248E-03
 0.3658013755504E-01-0.2407221323771E+00-0.1168730558712E+00 0.3401189921390E-04
-0.2407221323771E+00 0.1860264673610E+00-0.6800398473621E-02-0.6681579985867E-04
-0.1168730558712E+00-0.6800398473621E-02 0.2522156802982E-02-0.2256887413356E-04
 0.3401189921390E-04-0.6681579985867E-04-0.2256887413356E-04-0.1989805653822E-01
    4    4    0  0.176400
-0.3782437558819E-01 0.2893169809835E-01 0.2212264248134E-02-0.1100387599656E-04
 0.2893169809835E-01-0.4837178370248E-01-0.1394250447654E-01 0.1062457859416E-04
 0.2212264248134E-02-0.1394250447654E-01-0.7186765017922E-02 0.1620244884772E-05
-0.1100387599656E-04 0.1062457859416E-04 0.1620244884772E-05-0.1982157631816E-03
 0.4484865045224E-01-0.2393670498063E+00-0.1186092040592E+00 0.3362704909950E-04
-0.2393670498063E+00 0.1898070869552E+00-0.6998645240269E-02-0.7362732754550E-04
-0.1186092040592E+00-0.6998645240269E-02 0.2338377914968E-02-0.2374011036690E-04
 0.3362704909950E-04-0.7362732754550E-04-0.2374011036690E-04-0.1990941699115E-01
    4    4    0  0.180075
-0.3818566638977E-01 0.2905549534100E-01 0.1975862901960E-02-0.1209071829391E-04
 0.2905549534100E-01-0.4898665401786E-01-0.1457084277398E-01 0.1159712799625E-04
 0.1975862901960E-02-0.1457084277398E-01-0.7827373906326E-02 0.1741244617473E-05
-0.1209071829391E-04 0.1159712799625E-04 0.1741244617473E-05-0.2122077510452E-03
 0.4252633709872E-01-0.2385949884298E+00-0.1238103490583E+00 0.3587758844135E-04
-0.2385949884298E+00 0.1937646332196E+00-0.6691513314195E-02-0.8012327101617E-04
-0.1238103490583E+00-0.6691513314195E-02-0.1867314304261E-02-0.2805181012790E-04
 0.3587758844135E-04-0.8012327101617E-04-0.2805181012790E-04-0.2060004107778E-01
    4    4    0  0.183750
-0.3465133481177E-01 0.2495153700621E-01 0.1915132257210E-03-0.1183166826805E-04
 0.2495153700621E-01-0.4776764706062E-01-0.1319486286581E-01 0.1185479695677E-04
 0.1915132257210E-03-0.1319486286581E-01-0.7024749181349E-02 0.1453688391690E-05
-0.1183166826805E-04 0.1185479695677E-04 0.1453688391690E-05-0.2015390613965E-03
 0.1342234554100E-01-0.2313695540892E+00-0.1173341706321E+00 0.3295243704916E-04
-0.2313695540892E+00 0.1971526595054E+00-0.7470809869055E-02-0.8695051552554E-04
-0.1173341706321E+00-0.7470809869055E-02 0.1699676322089E-02-0.2604895508244E-04
 0.3295243704916E-04-0.8695051552554E-04-0.2604895508244E-04-0.2007555472107E-01
    4    4    0  0.187425
-0.3614671000007E-01 0.2873170007236E-01 0.1829397773081E-02-0.1320055868414E-04
 0.2873170007236E-01-0.4894275262531E-01-0.1362556408546E-01 0.1255731612802E-04
 0.1829397773081E-02-0.1362556408546E-01-0.7361798723081E-02 0.1433835623183E-05
-0.1320055868414E-04 0.1255731612802E-04 0.1433835623183E-05-0.2038774349597E-03
 0.3953240547469E-01-0.2327525460148E+00-0.1200892089309E+00 0.3218937505282E-04
-0.2327525460148E+00 0.2006207923751E+00-0.7515768962566E-02-0.9316647459979E-04
-0.1200892089309E+00-0.7515768962566E-02 0.1578940595454E-02-0.2706781128605E-04
 0.3218937505282E-04-0.9316647459979E-04-0.2706781128605E-04-0.2019164483394E-01
    4    4    0  0.191100
-0.3711450181611E-01 0.3094203512101E-01 0.2769965877428E-02-0.1424791069603E-04
 0.3094203512101E-01-0.4972970388185E-01-0.1380774772042E-01 0.1319190336677E-04
 0.2769965877428E-02-0.1380774772042E-01-0.7548896508908E-02 0.1370776234861E-05
-0.1424791069603E-04 0.1319190336677E-04 0.1370776234861E-05-0.2063750785334E-03
 0.5415799756893E-01-0.2327455534400E+00-0.1215847548664E+00 0.3119430470791E-04
-0.2327455534400E+00 0.2039856739383E+00-0.7592302059761E-02-0.9918791739986E-04
-0.1215847548664E+00-0.7592302059761E-02 0.1408586483431E-02-0.2805316533627E-04
 0.3119430470791E-04-0.9918791739986E-04-0.2805316533627E-04-0.2031491051366E-01
    4    4    0  0.194775
-0.3438934390295E-01 0.2731269182493E-01 0.9352283818819E-03-0.1423075143813E-04
 0.2731269182493E-01-0.4916763065420E-01-0.1315239957800E-01 0.1376856230116E-04
 0.9352283818819E-03-0.1315239957800E-01-0.7244497645674E-02 0.1251328641134E-05
-0.1423075143813E-04 0.1376856230116E-04 0.1251328641134E-05-0.2111351745817E-03
 0.2634191313007E-01-0.2279351379874E+00-0.1191674383691E+00 0.3095640240143E-04
-0.2279351379874E+00 0.2073246395675E+00-0.7803340715886E-02-0.1050611154447E-03
-0.1191674383691E+00-0.7803340715886E-02 0.9385826695927E-03-0.2908009876858E-04
 0.3095640240143E-04-0.1050611154447E-03-0.2908009876858E-04-0.2054781097001E-01
    4    4    0  0.198450
-0.3625802418153E-01 0.3106395010259E-01 0.2601324457995E-02-0.1547921800191E-04
 0.3106395010259E-01-0.5039710618624E-01-0.1356123437667E-01 0.1439119355662E-04
 0.2601324457995E-02-0.1356123437667E-01-0.7533759714030E-02 0.1200643023810E-05
-0.1547921800191E-04 0.1439119355662E-04 0.1200643023810E-05-0.2146974221893E-03
 0.5228087264001E-01-0.2296462965238E+00-0.1214864432214E+00 0.2972034633523E-04
-0.2296462965238E+00 0.2104937019481E+00-0.7774027842895E-02-0.1104708981272E-03
-0.1214864432214E+00-0.7774027842895E-02 0.8340461390800E-03-0.2993317476485E-04
 0.2972034633523E-04-0.1104708981272E-03-0.2993317476485E-04-0.2072038412115E-01
    4    4    0  0.202125
-0.3498045756148E-01 0.2983137384354E-01 0.1886846746764E-02-0.1579865261373E-04
 0.2983137384354E-01-0.5045902701256E-01-0.1323540927998E-01 0.1494805559308E-04
 0.1886846746764E-02-0.1323540927998E-01-0.7386126742423E-02 0.1097846937398E-05
-0.1579865261373E-04 0.1494805559308E-04 0.1097846937398E-05-0.2203000264368E-03
 0.4184510617099E-01-0.2271918105100E+00-0.1203190711598E+00 0.2912201891186E-04
-0.2271918105100E+00 0.2136086183507E+00-0.7879054236348E-02-0.1156644460344E-03
-0.1203190711598E+00-0.7879054236348E-02 0.4505950240874E-03-0.3081639312450E-04
 0.2912201891186E-04-0.1156644460344E-03-0.3081639312450E-04-0.2098894638896E-01
    4    4    0  0.205800
-0.3440420323521E-01 0.2960538610046E-01 0.1653473550759E-02-0.1624688080233E-04
 0.2960538610046E-01-0.5076934318432E-01-0.1304415662941E-01 0.1547619810941E-04
 0.1653473550759E-02-0.1304415662941E-01-0.7302803483801E-02 0.9967508854914E-06
-0.1624688080233E-04 0.1547619810941E-04 0.9967508854914E-06-0.2260118199186E-03
 0.3869702495123E-01-0.2256806725382E+00-0.1196508154949E+00 0.2827204585579E-04
-0.2256806725382E+00 0.2166095346123E+00-0.7941035874941E-02-0.1205006891497E-03
-0.1196508154949E+00-0.7941035874941E-02 0.1154625620118E-03-0.3162221306538E-04
 0.2827204585579E-04-0.1205006891497E-03-0.3162221306538E-04-0.2125925055918E-01
    4    4    0  0.209475
-0.3538994475022E-01 0.3171609825473E-01 0.2537060649517E-02-0.1706343877011E-04
 0.3171609825473E-01-0.5165734535173E-01-0.1320142425648E-01 0.1598490131667E-04
 0.2537060649517E-02-0.1320142425648E-01-0.7411248879741E-02 0.9141672694835E-06
-0.1706343877011E-04 0.1598490131667E-04 0.9141672694835E-06-0.2313080966914E-03
 0.5262930053137E-01-0.2263200539268E+00-0.1205175615546E+00 0.2697551281123E-04
-0.2263200539268E+00 0.2195059682829E+00-0.7897347526561E-02-0.1249360492652E-03
-0.1205175615546E+00-0.7897347526561E-02-0.7130354619702E-04-0.3231629529804E-04
 0.2697551281123E-04-0.1249360492652E-03-0.3231629529804E-04-0.2150685382374E-01
    4    4    0  0.213150
-0.3959408779896E-01 0.3707896576489E-01 0.4960716205787E-02-0.1842052665581E-04
 0.3707896576489E-01-0.5348865379234E-01-0.1393779302348E-01 0.1660165794798E-04
 0.4960716205787E-02-0.1393779302348E-01-0.7844401058852E-02 0.9387642366473E-06
-0.1842052665581E-04 0.1660165794798E-04 0.9387642366473E-06-0.2412437134731E-03
 0.8845166933788E-01-0.2303203454808E+00-0.1238945721892E+00 0.2633420980455E-04
-0.2303203454808E+00 0.2223537768586E+00-0.7647172267750E-02-0.1287578354491E-03
-0.1238945721892E+00-0.7647172267750E-02-0.2266336349574E-03-0.3293592774572E-04
 0.2633420980455E-04-0.1287578354491E-03-0.3293592774572E-04-0.2196383973167E-01
    4    4    0  0.216825
-0.3503312014857E-01 0.3238323693730E-01 0.2587905893870E-02-0.1792020517843E-04
 0.3238323693730E-01-0.5262299650288E-01-0.1297444010447E-01 0.1687067615249E-04
 0.2587905893870E-02-0.1297444010447E-01-0.7278842324675E-02 0.7138606380983E-06
-0.1792020517843E-04 0.1687067615249E-04 0.7138606380983E-06-0.2449415380740E-03
 0.5442473837985E-01-0.2248431379412E+00-0.1194447978443E+00 0.2486333640760E-04
-0.2248431379412E+00 0.2250404716747E+00-0.7882552808583E-02-0.1327404542592E-03
-0.1194447978443E+00-0.7882552808583E-02-0.6886592942506E-03-0.3358327694090E-04
 0.2486333640760E-04-0.1327404542592E-03-0.3358327694090E-04-0.2213149582558E-01
   10   10    0  0.220500
-0.4363281875781E-01 0.3334151035272E-01 0.3302640543902E-02-0.1791757844959E-04
 0.3744251336492E-01 0.1673005832555E-03 0.1129625434536E-02 0.3744241410674E-01
-0.1128189530892E-02 0.1660178928597E-03 0.3334151035272E-01-0.5302934022521E-01
-0.1284898319391E-01 0.1725198994858E-04 0.5091019516661E-02-0.9784874879166E-03
-0.2804795685343E-02 0.5094002620567E-02 0.2802718148305E-02-0.9783540326753E-03
 0.3302640543902E-02-0.1284898319391E-01-0.7264555142263E-02 0.5826972982251E-06
 0.3329073724652E-03-0.5845025735636E-03-0.1485660308924E-02 0.3318784952454E-03
 0.1485284819098E-02-0.5847667358836E-03-0.1791757844959E-04 0.1725198994858E-04
 0.5826972982251E-06-0.2946423879327E-03 0.8489632210504E-05 0.1893248086882E-04
-0.3836727476875E-04-0.1339005808020E-04-0.3914105066078E-04-0.1899183533559E-04
 0.3744251336492E-01 0.5091019516661E-02 0.3329073724652E-03 0.8489632210504E-05
-0.4925705616984E+00-0.1639263720745E-02 0.1516253513895E-02 0.7372109516587E-01
 0.1262458122744E-02-0.1123403031073E-03 0.1673005832555E-03-0.9784874879166E-03
-0.5845025735636E-03 0.1893248086882E-04-0.1639263720745E-02-0.3619271211311E-03
-0.4289208201184E-04-0.1125500544995E-03 0.9650527788651E-04-0.1802264176108E-05
 0.1129625434536E-02-0.2804795685343E-02-0.1485660308924E-02-0.3836727476875E-04
 0.1516253513895E-02-0.4289208201184E-04-0.4212055573411E-03-0.1262903235858E-02
 0.2941744844864E-03-0.9648517629824E-04 0.3744241410674E-01 0.5094002620567E-02
 0.3318784952454E-03-0.1339005808020E-04 0.7372109516587E-01-0.1125500544995E-03
-0.1262903235858E-02-0.4925680183644E+00-0.1517209185776E-02-0.1639602854981E-02
-0.1128189530892E-02 0.2802718148305E-02 0.1485284819098E-02-0.3914105066078E-04
 0.1262458122744E-02 0.9650527788651E-04 0.2941744844864E-03-0.1517209185776E-02
-0.4212773273378E-03 0.4286608748287E-04 0.1660178928597E-03-0.9783540326753E-03
-0.5847667358836E-03-0.1899183533559E-04-0.1123403031073E-03-0.1802264176108E-05
-0.9648517629824E-04-0.1639602854981E-02 0.4286608748287E-04-0.3619930457968E-03
 0.5105853181522E-01-0.2226776112764E+00-0.1178745715091E+00 0.2375844646252E-04
 0.8368995986854E-01-0.8063013648812E-02-0.2457948317978E-01 0.8368864522153E-01
 0.2457810840418E-01-0.8063327599292E-02-0.2226776112764E+00 0.2273825394455E+00
-0.8051593685745E-02-0.1360372038373E-03-0.1653662319332E-01-0.7584548664472E-04
-0.5491106231926E-03-0.1653010196556E-01 0.5572467129656E-03-0.7765134995681E-04
-0.1178745715091E+00-0.8051593685745E-02-0.1170556232879E-02-0.3412645253451E-04
-0.1136099856303E-01-0.5562833666130E-02 0.2658793037317E-02-0.1136252552194E-01
-0.2656694073228E-02-0.5581143508928E-02 0.2375844646252E-04-0.1360372038373E-03
-0.3412645253451E-04-0.2251120060156E-01-0.1397466524125E-04-0.4022703422637E-05
-0.6411855832879E-02 0.1432071873928E-04-0.6427024777931E-02 0.4599494059812E-05
 0.8368995986854E-01-0.1653662319332E-01-0.1136099856303E-01-0.1397466524125E-04
-0.8519348452314E+00-0.3616457651097E-02-0.1295344458125E-03 0.4909887798428E-01
 0.4586354595921E-02-0.1284192261230E-02-0.8063013648812E-02-0.7584548664472E-04
-0.5562833666130E-02-0.4022703422637E-05-0.3616457651097E-02-0.2312949296993E-01
 0.7869261976868E-02-0.1284672523449E-02-0.1929528523379E-02 0.2893229628681E-02
-0.2457948317978E-01-0.5491106231926E-03 0.2658793037317E-02-0.6411855832879E-02
-0.1295344458125E-03 0.7869261976868E-02 0.9286349267528E-02-0.4587624259802E-02
 0.1143900442049E-02 0.1929696979011E-02 0.8368864522153E-01-0.1653010196556E-01
-0.1136252552194E-01 0.1432071873928E-04 0.4909887798428E-01-0.1284672523449E-02
-0.4587624259802E-02-0.8519335408419E+00 0.1274209542985E-03-0.3616796946482E-02
 0.2457810840418E-01 0.5572467129656E-03-0.2656694073228E-02-0.6427024777931E-02
 0.4586354595921E-02-0.1929528523379E-02 0.1143900442049E-02 0.1274209542985E-03
 0.9287301668625E-02-0.7871027244628E-02-0.8063327599292E-02-0.7765134995681E-04
-0.5581143508928E-02 0.4599494059812E-05-0.1284192261230E-02 0.2893229628681E-02
 0.1929696979011E-02-0.3616796946482E-02-0.7871027244628E-02-0.2312715978238E-01
   10   10    0  0.224175
-0.4338816793386E-01 0.3367199941430E-01 0.3325534362875E-02-0.1821212522356E-04
 0.3737870902413E-01 0.1685158182589E-03 0.1149203596870E-02 0.3737868037094E-01
-0.1147890733553E-02 0.1671520552470E-03 0.3367199941430E-01-0.5353917284532E-01
-0.1273319261151E-01 0.1759372417983E-04 0.4983855360449E-02-0.9750274377823E-03
-0.2798035966939E-02 0.4986688575720E-02 0.2795853851506E-02-0.9748806554131E-03
 0.3325534362875E-02-0.1273319261151E-01-0.7178694981564E-02 0.4812813888170E-06
 0.2274905812465E-03-0.5887566088983E-03-0.1484098256512E-02 0.2268884714710E-03
 0.1483734072855E-02-0.5890316263222E-03-0.1821212522356E-04 0.1759372417983E-04
 0.4812813888170E-06-0.3072893959473E-03 0.9520770507567E-05 0.1941580240472E-04
-0.4129803308221E-04-0.1440421763563E-04-0.4204277147144E-04-0.1950129733186E-04
 0.3737870902413E-01 0.4983855360449E-02 0.2274905812465E-03 0.9520770507567E-05
-0.4968756736171E+00-0.1805257612348E-02 0.1493643353308E-02 0.7397801345188E-01
 0.1315288267749E-02-0.1107793830717E-03 0.1685158182589E-03-0.9750274377823E-03
-0.5887566088983E-03 0.1941580240472E-04-0.1805257612348E-02-0.3699657884774E-03
-0.4252104194858E-04-0.1106974313470E-03 0.9662949772253E-04 0.5676070882021E-06
 0.1149203596870E-02-0.2798035966939E-02-0.1484098256512E-02-0.4129803308221E-04
 0.1493643353308E-02-0.4252104194858E-04-0.4289777577577E-03-0.1315128437513E-02
 0.2971088797177E-03-0.9660510061851E-04 0.3737868037094E-01 0.4986688575720E-02
 0.2268884714710E-03-0.1440421763563E-04 0.7397801345188E-01-0.1106974313470E-03
-0.1315128437513E-02-0.4968732581164E+00-0.1493455015655E-02-0.1805139912696E-02
-0.1147890733553E-02 0.2795853851506E-02 0.1483734072855E-02-0.4204277147144E-04
 0.1315288267749E-02 0.9662949772253E-04 0.2971088797177E-03-0.1493455015655E-02
-0.4290503604171E-03 0.4251402441411E-04 0.1671520552470E-03-0.9748806554131E-03
-0.5890316263222E-03-0.1950129733186E-04-0.1107793830717E-03 0.5676070882021E-06
-0.9660510061851E-04-0.1805139912696E-02 0.4251402441411E-04-0.3700196341868E-03
 0.5194128906366E-01-0.2221895331915E+00-0.1171265516564E+00 0.2263414508179E-04
 0.8311221589272E-01-0.8073306561656E-02-0.2471658912653E-01 0.8311102346225E-01
 0.2471519689089E-01-0.8073657880630E-02-0.2221895331915E+00 0.2299329607628E+00
-0.8000087669198E-02-0.1389447442987E-03-0.1653121092993E-01-0.1219292673653E-03
-0.6838445227869E-03-0.1652506789838E-01 0.6923818021201E-03-0.1238612898318E-03
-0.1171265516564E+00-0.8000087669198E-02-0.1490265896973E-02-0.3459137927486E-04
-0.1135477344968E-01-0.5824900136636E-02 0.2886311551043E-02-0.1135563302363E-01
-0.2884120776737E-02-0.5843783558663E-02 0.2263414508179E-04-0.1389447442987E-03
-0.3459137927486E-04-0.2287146602504E-01-0.1428039782719E-04-0.3637387813458E-05
-0.6750619740193E-02 0.1449238591188E-04-0.6766307014110E-02 0.4222186141925E-05
 0.8311221589272E-01-0.1653121092993E-01-0.1135477344968E-01-0.1428039782719E-04
-0.8545448191610E+00-0.3874091775904E-02-0.1820729616703E-03 0.4866945986424E-01
 0.4661825151668E-02-0.1297660296268E-02-0.8073306561656E-02-0.1219292673653E-03
-0.5824900136636E-02-0.3637387813458E-05-0.3874091775904E-02-0.2330850606774E-01
 0.7876225524542E-02-0.1297725104242E-02-0.2089180175609E-02 0.3112057984169E-02
-0.2471658912653E-01-0.6838445227869E-03 0.2886311551043E-02-0.6750619740193E-02
-0.1820729616703E-03 0.7876225524542E-02 0.9355393973385E-02-0.4661797717316E-02
 0.1179078939777E-02 0.2089132716552E-02 0.8311102346225E-01-0.1652506789838E-01
-0.1135563302363E-01 0.1449238591188E-04 0.4866945986424E-01-0.1297725104242E-02
-0.4661797717316E-02-0.8545436077807E+00 0.1821080287777E-03-0.3873711657223E-02
 0.2471519689089E-01 0.6923818021201E-03-0.2884120776737E-02-0.6766307014110E-02
 0.4661825151668E-02-0.2089180175609E-02 0.1179078939777E-02 0.1821080287777E-03
 0.9356398383578E-02-0.7876221106054E-02-0.8073657880630E-02-0.1238612898318E-03
-0.5843783558663E-02 0.4222186141925E-05-0.1297660296268E-02 0.3112057984169E-02
 0.2089132716552E-02-0.3873711657223E-02-0.7876221106054E-02-0.2330604685130E-01
   10   10    0  0.227850
-0.4316212319372E-01 0.3400324104613E-01 0.3346440874266E-02-0.1845731422108E-04
 0.3732913643475E-01 0.1706720998632E-03 0.1166426558082E-02 0.3732917627738E-01
-0.1165073995476E-02 0.1692769216578E-03 0.3400324104613E-01-0.5405487952910E-01
-0.1261672309059E-01 0.1788960972167E-04 0.4885290773621E-02-0.9695564926682E-03
-0.2785622734937E-02 0.4887964358420E-02 0.2783324999448E-02-0.9693985824994E-03
 0.3346440874266E-02-0.1261672309059E-01-0.7085240412667E-02 0.3812001179797E-06
 0.1261918109360E-03-0.5914757854554E-03-0.1478112579252E-02 0.1260113010266E-03
 0.1477740550019E-02-0.5917650709579E-03-0.1845731422108E-04 0.1788960972167E-04
 0.3812001179797E-06-0.3206015510196E-03 0.1051352261821E-04 0.1986067957403E-04
-0.4450349969559E-04-0.1538611093630E-04-0.4521673879772E-04-0.1997801130322E-04
 0.3732913643475E-01 0.4885290773621E-02 0.1261918109360E-03 0.1051352261821E-04
-0.5009928902262E+00-0.1979378688367E-02 0.1463644068370E-02 0.7421658808771E-01
 0.1365141425048E-02-0.1078895619780E-03 0.1706720998632E-03-0.9695564926682E-03
-0.5914757854554E-03 0.1986067957403E-04-0.1979378688367E-02-0.3762315211789E-03
-0.4180933546915E-04-0.1078056448624E-03 0.9631891350799E-04 0.2832579410911E-05
 0.1166426558082E-02-0.2785622734937E-02-0.1478112579252E-02-0.4450349969559E-04
 0.1463644068370E-02-0.4180933546915E-04-0.4352270770774E-03-0.1364976971968E-02
 0.2988058961839E-03-0.9629144600907E-04 0.3732917627738E-01 0.4887964358420E-02
 0.1260113010266E-03-0.1538611093630E-04 0.7421658808771E-01-0.1078056448624E-03
-0.1364976971968E-02-0.5009905896340E+00-0.1463457122114E-02-0.1979307486896E-02
-0.1165073995476E-02 0.2783324999448E-02 0.1477740550019E-02-0.4521673879772E-04
 0.1365141425048E-02 0.9631891350799E-04 0.2988058961839E-03-0.1463457122114E-02
-0.4353106043220E-03 0.4180161617380E-04 0.1692769216578E-03-0.9693985824994E-03
-0.5917650709579E-03-0.1997801130322E-04-0.1078895619780E-03 0.2832579410911E-05
-0.9629144600907E-04-0.1979307486896E-02 0.4180161617380E-04-0.3762910574217E-03
 0.5279959651272E-01-0.2217785056713E+00-0.1163079132929E+00 0.2148454984600E-04
 0.8259338542709E-01-0.8064430002089E-02-0.2479869245813E-01 0.8259230389941E-01
 0.2479735909793E-01-0.8064814745478E-02-0.2217785056713E+00 0.2324015750289E+00
-0.7931884226306E-02-0.1414425467520E-03-0.1653675187992E-01-0.1681609712944E-03
-0.8183955886222E-03-0.1653100085493E-01 0.8272750304360E-03-0.1702192244491E-03
-0.1163079132929E+00-0.7931884226306E-02-0.1811160890556E-02-0.3498521501680E-04
-0.1134452852058E-01-0.6083252937537E-02 0.3117446988418E-02-0.1134472482672E-01
-0.3115187379046E-02-0.6102663838099E-02 0.2148454984600E-04-0.1414425467520E-03
-0.3498521501680E-04-0.2324652159754E-01-0.1453837662834E-04-0.3234286303566E-05
-0.7086685052964E-02 0.1462123788418E-04-0.7102849898694E-02 0.3823714130533E-05
 0.8259338542709E-01-0.1653675187992E-01-0.1134452852058E-01-0.1453837662834E-04
-0.8570089134264E+00-0.4142518553069E-02-0.2427392380119E-03 0.4826088649810E-01
 0.4729242134153E-02-0.1309383691477E-02-0.8064430002089E-02-0.1681609712944E-03
-0.6083252937537E-02-0.3234286303566E-05-0.4142518553069E-02-0.2340272959225E-01
 0.7890486992630E-02-0.1309447089685E-02-0.2250399861693E-02 0.3332454846161E-02
-0.2479869245813E-01-0.8183955886222E-03 0.3117446988418E-02-0.7086685052964E-02
-0.2427392380119E-03 0.7890486992630E-02 0.9383427028941E-02-0.4729207140200E-02
 0.1212673512293E-02 0.2250351315898E-02 0.8259230389941E-01-0.1653100085493E-01
-0.1134472482672E-01 0.1462123788418E-04 0.4826088649810E-01-0.1309447089685E-02
-0.4729207140200E-02-0.8570077716971E+00 0.2427758097102E-03-0.4142221933198E-02
 0.2479735909793E-01 0.8272750304360E-03-0.3115187379046E-02-0.7102849898694E-02
 0.4729242134153E-02-0.2250399861693E-02 0.1212673512293E-02 0.2427758097102E-03
 0.9384481762022E-02-0.7890482339852E-02-0.8064814745478E-02-0.1702192244491E-03
-0.6102663838099E-02 0.3823714130533E-05-0.1309383691477E-02 0.3332454846161E-02
 0.2250351315898E-02-0.4142221933198E-02-0.7890482339852E-02-0.2340014856249E-01
   10   10    0  0.231525
-0.4295163160785E-01 0.3433456633044E-01 0.3365390301253E-02-0.1865321877054E-04
 0.3729566258531E-01 0.1729655305064E-03 0.1181393607763E-02 0.3729576466835E-01
-0.1180006083889E-02 0.1715433818624E-03 0.3433456633044E-01-0.5457498069412E-01
-0.1250011124080E-01 0.1813819541976E-04 0.4792985768518E-02-0.9621965639217E-03
-0.2768138109570E-02 0.4795491397131E-02 0.2765730219100E-02-0.9620276876861E-03
 0.3365390301253E-02-0.1250011124080E-01-0.6985417942711E-02 0.2831615830106E-06
 0.2810207621092E-04-0.5931221567032E-03-0.1468145529129E-02 0.2834099594610E-04
 0.1467766402144E-02-0.5934254998748E-03-0.1865321877054E-04 0.1813819541976E-04
 0.2831615830106E-06-0.3345471650401E-03 0.1147899078478E-04 0.2026733805525E-04
-0.4792648276570E-04-0.1633516250043E-04-0.4860620996101E-04-0.2041683520496E-04
 0.3729566258531E-01 0.4792985768518E-02 0.2810207621093E-04 0.1147899078478E-04
-0.5050662066201E+00-0.2158971272071E-02 0.1428696343638E-02 0.7444571466972E-01
 0.1412855914630E-02-0.1042713109342E-03 0.1729655305064E-03-0.9621965639217E-03
-0.5931221567032E-03 0.2026733805525E-04-0.2158971272071E-02-0.3837084887047E-03
-0.4036484060006E-04-0.1041856230328E-03 0.9547007741938E-04 0.5392624835740E-05
 0.1181393607763E-02-0.2768138109570E-02-0.1468145529129E-02-0.4792648276570E-04
 0.1428696343638E-02-0.4036484060006E-04-0.4402395331733E-03-0.1412687373822E-02
 0.2993345218702E-03-0.9543946672452E-04 0.3729576466835E-01 0.4795491397131E-02
 0.2834099594610E-04-0.1633516250043E-04 0.7444571466972E-01-0.1041856230328E-03
-0.1412687373822E-02-0.5050640027976E+00-0.1428511105388E-02-0.2158948217800E-02
-0.1180006083889E-02 0.2765730219100E-02 0.1467766402144E-02-0.4860620996101E-04
 0.1412855914630E-02 0.9547007741938E-04 0.2993345218702E-03-0.1428511105388E-02
-0.4403341878203E-03 0.4035637649823E-04 0.1715433818624E-03-0.9620276876861E-03
-0.5934254998748E-03-0.2041683520496E-04-0.1042713109342E-03 0.5392624835740E-05
-0.9543946672452E-04-0.2158948217800E-02 0.4035637649823E-04-0.3837736650441E-03
 0.5363332550186E-01-0.2214378069711E+00-0.1154278576140E+00 0.2031438009435E-04
 0.8211734493683E-01-0.8037632497556E-02-0.2483052491926E-01 0.8211637003571E-01
 0.2482925572966E-01-0.8038050497802E-02-0.2214378069711E+00 0.2347922646375E+00
-0.7847223234690E-02-0.1435266735815E-03-0.1655037231695E-01-0.2141000663469E-03
-0.9519374605277E-03-0.1654502625680E-01 0.9611307314664E-03-0.2162808385958E-03
-0.1154278576140E+00-0.7847223234690E-02-0.2132163238232E-02-0.3530684812459E-04
-0.1132937655994E-01-0.6337434982682E-02 0.3351641148877E-02-0.1132891916332E-01
-0.3349318264152E-02-0.6357324115718E-02 0.2031438009435E-04-0.1435266735815E-03
-0.3530684812459E-04-0.2363473626498E-01-0.1475301540348E-04-0.2820188186377E-05
-0.7419762392632E-02 0.1470643948365E-04-0.7436363397537E-02 0.3410716938880E-05
 0.8211734493683E-01-0.1655037231695E-01-0.1132937655994E-01-0.1475301540348E-04
-0.8594157426133E+00-0.4415913549245E-02-0.3073075108300E-03 0.4785922091704E-01
 0.4789448570201E-02-0.1319435868174E-02-0.8037632497556E-02-0.2141000663469E-03
-0.6337434982682E-02-0.2820188186377E-05-0.4415913549245E-02-0.2354113764237E-01
 0.7911189791888E-02-0.1319497683253E-02-0.2412961622914E-02 0.3553971830103E-02
-0.2483052491926E-01-0.9519374605277E-03 0.3351641148877E-02-0.7419762392632E-02
-0.3073075108300E-03 0.7911189791888E-02 0.9391137763656E-02-0.4789405754156E-02
 0.1244636967961E-02 0.2412912295719E-02 0.8211637003571E-01-0.1654502625680E-01
-0.1132891916332E-01 0.1470643948365E-04 0.4785922091704E-01-0.1319497683253E-02
-0.4789405754156E-02-0.8594146589261E+00 0.3073453455588E-03-0.4415703218453E-02
 0.2482925572966E-01 0.9611307314664E-03-0.3349318264152E-02-0.7436363397537E-02
 0.4789448570201E-02-0.2412961622914E-02 0.1244636967961E-02 0.3073453455588E-03
 0.9392240222065E-02-0.7911184905179E-02-0.8038050497802E-02-0.2162808385958E-03
-0.6357324115718E-02 0.3410716938880E-05-0.1319435868174E-02 0.3553971830103E-02
 0.2412912295719E-02-0.4415703218453E-02-0.7911184905179E-02-0.2353844063802E-01
   10   10    0  0.235200
-0.4275610956955E-01 0.3466577450164E-01 0.3382743157168E-02-0.1879983461634E-04
 0.3727801722134E-01 0.1752819330082E-03 0.1194137329801E-02 0.3727817541657E-01
-0.1192719683877E-02 0.1738372123455E-03 0.3466577450164E-01-0.5509822444541E-01
-0.1238389316789E-01 0.1833830022796E-04 0.4706736128654E-02-0.9531060343685E-03
-0.2746154586006E-02 0.4709066726933E-02 0.2743642796012E-02-0.9529264397265E-03
 0.3382743157168E-02-0.1238389316789E-01-0.6880425090604E-02 0.1877775807677E-06
-0.6670573028748E-04-0.5938069480390E-03-0.1454616993968E-02-0.6605109070578E-04
 0.1454231536668E-02-0.5941240173294E-03-0.1879983461634E-04 0.1833830022796E-04
 0.1877775807677E-06-0.3490900758166E-03 0.1242039815551E-04 0.2063169302537E-04
-0.5157961869030E-04-0.1725459540662E-04-0.5222441076616E-04-0.2081334835785E-04
 0.3727801722134E-01 0.4706736128654E-02-0.6670573028748E-04 0.1242039815551E-04
-0.5090954569299E+00-0.2342065124236E-02 0.1390104219947E-02 0.7466563450268E-01
 0.1458469241117E-02-0.9999843853229E-04 0.1752819330082E-03-0.9531060343685E-03
-0.5938069480390E-03 0.2063169302537E-04-0.2342065124236E-02-0.3922417283077E-03
-0.3825647372903E-04-0.9991117023115E-04 0.9410077825247E-04 0.8244747334356E-05
 0.1194137329801E-02-0.2746154586006E-02-0.1454616993968E-02-0.5157961869030E-04
 0.1390104219947E-02-0.3825647372903E-04-0.4440892659049E-03-0.1458297170975E-02
 0.2987965641139E-03-0.9406697780344E-04 0.3727817541657E-01 0.4709066726933E-02
-0.6605109070578E-04-0.1725459540662E-04 0.7466563450268E-01-0.9991117023115E-04
-0.1458297170975E-02-0.5090933323251E+00-0.1389920966319E-02-0.2342091549007E-02
-0.1192719683877E-02 0.2743642796012E-02 0.1454231536668E-02-0.5222441076616E-04
 0.1458469241117E-02 0.9410077825247E-04 0.2987965641139E-03-0.1389920966319E-02
-0.4441951419399E-03 0.3824722010653E-04 0.1738372123455E-03-0.9529264397265E-03
-0.5941240173294E-03-0.2081334835785E-04-0.9999843853229E-04 0.8244747334356E-05
-0.9406697780344E-04-0.2342091549007E-02 0.3824722010653E-04-0.3923124563960E-03
 0.5444346846830E-01-0.2211607151409E+00-0.1144951858549E+00 0.1912796677727E-04
 0.8168262759929E-01-0.7994356189663E-02-0.2481656298889E-01 0.8168175509249E-01
 0.2481536263403E-01-0.7994807091747E-02-0.2211607151409E+00 0.2371090727683E+00
-0.7746380247668E-02-0.1451950131399E-03-0.1657105726788E-01-0.2594331015104E-03
-0.1083667118275E-02-0.1656612638966E-01 0.1093144640839E-02-0.2617320286484E-03
-0.1144951858549E+00-0.7746380247668E-02-0.2452216457949E-02-0.3555535968013E-04
-0.1130993963835E-01-0.6587290128943E-02 0.3588317872109E-02-0.1130884036303E-01
-0.3585937450570E-02-0.6607607637003E-02 0.1912796677727E-04-0.1451950131399E-03
-0.3555535968013E-04-0.2403446162619E-01-0.1492459498382E-04-0.2398757363281E-05
-0.7749473981012E-02 0.1474839230185E-04-0.7766468957146E-02 0.2986892158960E-05
 0.8168262759929E-01-0.1657105726788E-01-0.1130993963835E-01-0.1492459498382E-04
-0.8617665689281E+00-0.4691048811699E-02-0.3738874528680E-03 0.4746431784544E-01
 0.4842855568813E-02-0.1327768847571E-02-0.7994356189663E-02-0.2594331015104E-03
-0.6587290128943E-02-0.2398757363281E-05-0.4691048811699E-02-0.2371729171827E-01
 0.7936337940069E-02-0.1327828916008E-02-0.2576524547198E-02 0.3776166170019E-02
-0.2481656298889E-01-0.1083667118275E-02 0.3588317872109E-02-0.7749473981012E-02
-0.3738874528680E-03 0.7936337940069E-02 0.9377022668160E-02-0.4842804720402E-02
 0.1274956416895E-02 0.2576474757097E-02 0.8168175509249E-01-0.1656612638966E-01
-0.1130884036303E-01 0.1474839230185E-04 0.4746431784544E-01-0.1327828916008E-02
-0.4842804720402E-02-0.8617655323345E+00 0.3739263231577E-03-0.4690926936806E-02
 0.2481536263403E-01 0.1093144640839E-02-0.3585937450570E-02-0.7766468957146E-02
 0.4842855568813E-02-0.2576524547198E-02 0.1274956416895E-02 0.3739263231577E-03
 0.9378170069118E-02-0.7936332844638E-02-0.7994807091747E-02-0.2617320286484E-03
-0.6607607637003E-02 0.2986892158960E-05-0.1327768847571E-02 0.3776166170019E-02
 0.2576474757097E-02-0.4690926936806E-02-0.7936332844638E-02-0.2371448497444E-01
   10   10    0  0.238875
-0.4257498156157E-01 0.3499665764116E-01 0.3398859420010E-02-0.1889727556970E-04
 0.3727592984202E-01 0.1775885404240E-03 0.1204760034802E-02 0.3727613816418E-01
-0.1203317178358E-02 0.1761255743404E-03 0.3499665764116E-01-0.5562352994971E-01
-0.1226856479604E-01 0.1848906746091E-04 0.4626331178459E-02-0.9424494473477E-03
-0.2720216929543E-02 0.4628480881426E-02 0.2717608224590E-02-0.9422594557543E-03
 0.3398859420010E-02-0.1226856479604E-01-0.6771388082948E-02 0.9559999007708E-07
-0.1582035361036E-03-0.5936526714232E-03-0.1437936845744E-02-0.1571383652569E-03
 0.1437545842903E-02-0.5939830362419E-03-0.1889727556970E-04 0.1848906746091E-04
 0.9559999007707E-07-0.3641910853302E-03 0.1333808207514E-04 0.2095199108905E-04
-0.5547154696424E-04-0.1814472252319E-04-0.5608052955492E-04-0.2116547768887E-04
 0.3727592984202E-01 0.4626331178459E-02-0.1582035361036E-03 0.1333808207514E-04
-0.5130820785857E+00-0.2527551749098E-02 0.1348659472563E-02 0.7487665953459E-01
 0.1502007451451E-02-0.9510401955516E-04 0.1775885404240E-03-0.9424494473477E-03
-0.5936526714232E-03 0.2095199108905E-04-0.2527551749098E-02-0.4017473389150E-03
-0.3554251042295E-04-0.9501536031126E-04 0.9223435336806E-04 0.1138674591365E-04
 0.1204760034802E-02-0.2720216929543E-02-0.1437936845744E-02-0.5547154696424E-04
 0.1348659472563E-02-0.3554251042295E-04-0.4468664829700E-03-0.1501832427092E-02
 0.2972998379347E-03-0.9219734356555E-04 0.3727613816418E-01 0.4628480881426E-02
-0.1571383652569E-03-0.1814472252319E-04 0.7487665953459E-01-0.9501536031126E-04
-0.1501832427092E-02-0.5130800162675E+00-0.1348478446888E-02-0.2527628676660E-02
-0.1203317178358E-02 0.2717608224590E-02 0.1437545842903E-02-0.5608052955492E-04
 0.1502007451451E-02 0.9223435336806E-04 0.2972998379347E-03-0.1348478446888E-02
-0.4469835678287E-03 0.3553242279261E-04 0.1761255743404E-03-0.9422594557543E-03
-0.5939830362419E-03-0.2116547768887E-04-0.9510401955516E-04 0.1138674591365E-04
-0.9219734356555E-04-0.2527628676660E-02 0.3553242279261E-04-0.4018234884678E-03
 0.5523106735189E-01-0.2209406764469E+00-0.1135183114343E+00 0.1792951048451E-04
 0.8128768435409E-01-0.7936029242661E-02-0.2476110890249E-01 0.8128691004786E-01
 0.2475998143759E-01-0.7936512518181E-02-0.2209406764469E+00 0.2393562582093E+00
-0.7629627609108E-02-0.1464471807376E-03-0.1659783427161E-01-0.3038718043347E-03
-0.1212845988911E-02-0.1659332617903E-01 0.1222577164187E-02-0.3062839159504E-03
-0.1135183114343E+00-0.7629627609108E-02-0.2770267973659E-02-0.3573005623209E-04
-0.1128681184820E-01-0.6832681128783E-02 0.3826912587923E-02-0.1128508461909E-01
-0.3824480529327E-02-0.6853376711197E-02 0.1792951048451E-04-0.1464471807376E-03
-0.3573005623209E-04-0.2444403739813E-01-0.1505372217174E-04-0.1973536765398E-05
-0.8075465891384E-02 0.1474784881281E-04-0.8092812071775E-02 0.2555853988610E-05
 0.8128768435409E-01-0.1659783427161E-01-0.1128681184820E-01-0.1505372217174E-04
-0.8640635221705E+00-0.4966190987242E-02-0.4414978155178E-03 0.4707589576704E-01
 0.4889896742012E-02-0.1334409683238E-02-0.7936029242661E-02-0.3038718043347E-03
-0.6832681128783E-02-0.1973536765398E-05-0.4966190987242E-02-0.2392723742425E-01
 0.7964768959234E-02-0.1334467855905E-02-0.2740759123462E-02 0.3998616399224E-02
-0.2476110890249E-01-0.1212845988911E-02 0.3826912587923E-02-0.8075465891384E-02
-0.4414978155178E-03 0.7964768959234E-02 0.9340402470322E-02-0.4889837698747E-02
 0.1303638946766E-02 0.2740709195030E-02 0.8128691004786E-01-0.1659332617903E-01
-0.1128508461909E-01 0.1474784881281E-04 0.4707589576704E-01-0.1334467855905E-02
-0.4889837698747E-02-0.8640625223868E+00 0.4415375127922E-03-0.4966159147954E-02
 0.2475998143759E-01 0.1222577164187E-02-0.3824480529327E-02-0.8092812071775E-02
 0.4889896742012E-02-0.2740759123462E-02 0.1303638946766E-02 0.4415375127922E-03
 0.9341591870250E-02-0.7964763688820E-02-0.7936512518181E-02-0.3062839159504E-03
-0.6853376711197E-02 0.2555853988610E-05-0.1334409683238E-02 0.3998616399224E-02
 0.2740709195030E-02-0.4966159147954E-02-0.7964763688820E-02-0.2392432752789E-01
   10   10    0  0.242550
-0.4240767321818E-01 0.3532700543497E-01 0.3414096210721E-02-0.1894577153001E-04
 0.3728910354558E-01 0.1798891489477E-03 0.1213399974043E-02 0.3728935616882E-01
-0.1211936863755E-02 0.1784121714718E-03 0.3532700543497E-01-0.5614997888082E-01
-0.1215458692777E-01 0.1858995064302E-04 0.4551561313857E-02-0.9303898229080E-03
-0.2690840639374E-02 0.4553525420655E-02 0.2688142671222E-02-0.9301898218736E-03
 0.3414096210721E-02-0.1215458692777E-01-0.6659359758024E-02 0.7119930848312E-08
-0.2463967165040E-03-0.5927827966414E-03-0.1418500303585E-02-0.2449276086054E-03
 0.1418104557113E-02-0.5931259377107E-03-0.1894577153001E-04 0.1858995064302E-04
 0.7119930848303E-08-0.3798080208264E-03 0.1423120722756E-04 0.2122767376943E-04
-0.5960768969554E-04-0.1900466980271E-04-0.6018049420556E-04-0.2147236207500E-04
 0.3728910354558E-01 0.4551561313857E-02-0.2463967165040E-03 0.1423120722756E-04
-0.5170282453384E+00-0.2714728358523E-02 0.1304906377079E-02 0.7507912793854E-01
 0.1543499323090E-02-0.8960678629233E-04 0.1798891489477E-03-0.9303898229080E-03
-0.5927827966414E-03 0.2122767376943E-04-0.2714728358523E-02-0.4121738531202E-03
-0.3227634841122E-04-0.8951692460914E-04 0.8989710790616E-04 0.1481611759359E-04
 0.1213399974043E-02-0.2690840639374E-02-0.1418500303585E-02-0.5960768969554E-04
 0.1304906377079E-02-0.3227634841122E-04-0.4486694156328E-03-0.1543321932605E-02
 0.2949535723293E-03-0.8985689644302E-04 0.3728935616882E-01 0.4553525420655E-02
-0.2449276086054E-03-0.1900466980271E-04 0.7507912793854E-01-0.8951692460914E-04
-0.1543321932605E-02-0.5170262290277E+00-0.1304727795081E-02-0.2714856515878E-02
-0.1211936863755E-02 0.2688142671222E-02 0.1418104557113E-02-0.6018049420556E-04
 0.1543499323090E-02 0.8989710790616E-04 0.2949535723293E-03-0.1304727795081E-02
-0.4487975936130E-03 0.3226538396406E-04 0.1784121714718E-03-0.9301898218736E-03
-0.5931259377107E-03-0.2147236207500E-04-0.8960678629233E-04 0.1481611759359E-04
-0.8985689644302E-04-0.2714856515878E-02 0.3226538396406E-04-0.4122552518430E-03
