                  12                   1               28638                   1               28637
T-Matrices                                                  
    3    3    2   24    2    1    0    0   10   24   24     0.00000000
    1    2   -2  0.000000
    1    4   -2  0.000000
    1    4   -4  0.000000
    2    3   -2  0.166400
    3    1    1  0.220000
    3    3    1  0.220000
    3    3    3  0.220000
    4    1   -1  0.220000
    4    3   -1  0.220000
    4    3   -3  0.220000
    5    1    1  0.791800
    5    3    1  0.791800
    5    3    3  0.791800
    6    1   -1  0.791800
    6    3   -1  0.791800
    6    3   -3  0.791800
    7    2    1  0.835600
    7    4    1  0.835600
    7    4    3  0.835600
    8    2   -1  0.835600
    8    4   -3  0.835600
    8    4   -1  0.835600
    9    3   -2  0.895600
   10    3   -2  0.985800
    1   99     0.00735000     0.00367500
    3    3    0  0.007350
-0.9945228564403E-01-0.1804160906717E-02 0.4599717592823E-05-0.1804160906717E-02
-0.3353207054355E-03-0.2110529963292E-06 0.4599717592823E-05-0.2110529963292E-06
-0.1899949285077E-03
 0.4346893992353E+00 0.7462225424442E-02-0.2312227996851E-04 0.7462225424442E-02
 0.2473006106987E-01 0.1150889616760E-03-0.2312227996851E-04 0.1150889616760E-03
-0.1949204857452E-01
    3    3    0  0.011025
-0.1414923766180E+00-0.2512392358537E-02 0.9986600494886E-05-0.2512392358537E-02
-0.3611914959028E-03-0.1669884076487E-06 0.9986600494886E-05-0.1669884076487E-06
-0.1906073743342E-03
 0.5127212302082E+00 0.8676801954186E-02-0.3976948156815E-04 0.8676801954186E-02
 0.2531084206840E-01 0.1216501291556E-03-0.3976948156815E-04 0.1216501291556E-03
-0.1952336900670E-01
    3    3    0  0.014700
-0.2482354921939E+00-0.4199963390606E-02 0.3400027850426E-04-0.4199963390606E-02
-0.4018325318449E-03 0.1802864358373E-06 0.3400027850426E-04 0.1802864358373E-06
-0.1919521498959E-03
 0.6593309049675E+00 0.1073464672037E-01-0.9523137581517E-04 0.1073464672037E-01
 0.2589623472437E-01 0.1276271149206E-03-0.9523137581517E-04 0.1276271149206E-03
-0.1959185903423E-01
    3    3    0  0.018375
-0.7337118331247E+00-0.1124951553801E-01 0.2016083453792E-03-0.1124951553801E-01
-0.5176913291676E-03 0.2644457607976E-05 0.2016083453792E-03 0.2644457607976E-05
-0.1939978765756E-03
 0.9637204772951E+00 0.1438010407864E-01-0.2723697404232E-03 0.1438010407864E-01
 0.2649071939420E-01 0.1320600420153E-03-0.2723697404232E-03 0.1320600420153E-03
-0.1969329428833E-01
    3    3    0  0.022050
-0.1292066527190E+01-0.1602392905761E-01 0.7110024005981E-03-0.1602392905761E-01
-0.5587199875712E-03 0.8317431147263E-05 0.7110024005981E-03 0.8317431147263E-05
-0.1969329498162E-03
-0.9561856011473E+00-0.1219443652651E-01 0.5135610384870E-03-0.1219443652651E-01
 0.2667648180343E-01 0.1499062596180E-03 0.5135610384870E-03 0.1499062596180E-03
-0.1982511807343E-01
    3    3    0  0.025725
-0.9735836317072E-01-0.6528418448011E-03 0.1127849596959E-03-0.6528418448011E-03
-0.3797256844827E-03 0.1972066892501E-06 0.1127849596959E-03 0.1972066892501E-06
-0.1998381315598E-03
-0.4303811286245E+00-0.3081345115088E-02 0.4753687194776E-03-0.3081345115088E-02
 0.2737448299805E-01 0.1548151419055E-03 0.4753687194776E-03 0.1548151419055E-03
-0.1998433547074E-01
    3    3    0  0.029400
-0.1257046850566E-01 0.6642860072057E-04 0.3411118594386E-04 0.6642860072057E-04
-0.3922148050849E-03-0.8186722056120E-06 0.3411118594386E-04-0.8186722056120E-06
-0.2035002836860E-03
-0.1580561249083E+00 0.1015274682836E-02 0.3812516496683E-03 0.1015274682836E-02
 0.2798598064590E-01 0.1595897648089E-03 0.3812516496683E-03 0.1595897648089E-03
-0.2016896549280E-01
    3    3    0  0.033075
-0.5776998378499E-03 0.7783600601762E-05 0.9390658388780E-05 0.7783600601762E-05
-0.4126748638370E-03-0.1202168103326E-05 0.9390658388780E-05-0.1202168103326E-05
-0.2077129262099E-03
-0.3385555728754E-01 0.2956498022836E-02 0.3551760398612E-03 0.2956498022836E-02
 0.2857291048323E-01 0.1651395152053E-03 0.3551760398612E-03 0.1651395152053E-03
-0.2037717343136E-01
    3    3    0  0.036750
-0.5638446990131E-03-0.1289402280903E-03-0.2566506695817E-05-0.1289402280903E-03
-0.4337757012455E-03-0.1448942368993E-05-0.2566506695817E-05-0.1448942368993E-05
-0.2124240474150E-03
 0.3332000852288E-01 0.4124395634193E-02 0.3481920453003E-03 0.4124395634193E-02
 0.2916002080879E-01 0.1707645563606E-03 0.3481920453003E-03 0.1707645563606E-03
-0.2060709984286E-01
    3    3    0  0.040425
-0.2921458504438E-02-0.2636076553779E-03-0.1015379428880E-04-0.2636076553779E-03
-0.4552713000501E-03-0.1656555943931E-05-0.1015379428880E-04-0.1656555943931E-05
-0.2176059812365E-03
 0.7622028055570E-01 0.4965736794016E-02 0.3504098885716E-03 0.4965736794016E-02
 0.2975863264050E-01 0.1762891480139E-03 0.3504098885716E-03 0.1762891480139E-03
-0.2085690867105E-01
    3    3    0  0.044100
-0.5693860745964E-02-0.3869215105410E-03-0.1579191352658E-04-0.3869215105410E-03
-0.4774921144613E-03-0.1851161291517E-05-0.1579191352658E-04-0.1851161291517E-05
-0.2232330952498E-03
 0.1064106288634E+00 0.5639321422996E-02 0.3572154418801E-03 0.5639321422996E-02
 0.3037715564228E-01 0.1816245968403E-03 0.3572154418801E-03 0.1816245968403E-03
-0.2112476069231E-01
    3    3    0  0.047775
-0.8391658379047E-02-0.5000840782332E-03-0.2040041101614E-04-0.5000840782332E-03
-0.5008384918542E-03-0.2042309078680E-05-0.2040041101614E-04-0.2042309078680E-05
-0.2292791825910E-03
 0.1291273079503E+00 0.6216948899513E-02 0.3663541515273E-03 0.6216948899513E-02
 0.3102403487252E-01 0.1867160048351E-03 0.3663541515273E-03 0.1867160048351E-03
-0.2140879019608E-01
    3    3    0  0.051450
-0.1089945523873E-01-0.6056807104458E-03-0.2438897661111E-04-0.6056807104458E-03
-0.5257511339203E-03-0.2234334687897E-05-0.2438897661111E-04-0.2234334687897E-05
-0.2357162328945E-03
 0.1470857869826E+00 0.6736049683052E-02 0.3765785276086E-03 0.6736049683052E-02
 0.3170879930817E-01 0.1915217274265E-03 0.3765785276086E-03 0.1915217274265E-03
-0.2170709128079E-01
    3    3    0  0.055125
-0.1320907913096E-01-0.7060832688511E-03-0.2795969767191E-04-0.7060832688511E-03
-0.5527409323960E-03-0.2429713215895E-05-0.2795969767191E-04-0.2429713215895E-05
-0.2425137003581E-03
 0.1618361043641E+00 0.7218352727352E-02 0.3871217531820E-03 0.7218352727352E-02
 0.3244279193616E-01 0.1960052507185E-03 0.3871217531820E-03 0.1960052507185E-03
-0.2201770921016E-01
    3    3    0  0.058800
-0.1534308315705E-01-0.8032663555155E-03-0.3121858070732E-04-0.8032663555155E-03
-0.5824338777431E-03-0.2630300769960E-05-0.3121858070732E-04-0.2630300769960E-05
-0.2496379668832E-03
 0.1743301605836E+00 0.7677697067099E-02 0.3974676776788E-03 0.7677697067099E-02
 0.3323997890696E-01 0.2001312535098E-03 0.3974676776788E-03 0.2001312535098E-03
-0.2233863469553E-01
    3    3    0  0.062475
-0.1733098900351E-01-0.8989010064384E-03-0.3422263421385E-04-0.8989010064384E-03
-0.6156330554794E-03-0.2837916651304E-05-0.3422263421385E-04-0.2837916651304E-05
-0.2570519003228E-03
 0.1851881330653E+00 0.8123740570443E-02 0.4072393632788E-03 0.8123740570443E-02
 0.3411806493329E-01 0.2038631370565E-03 0.4072393632788E-03 0.2038631370565E-03
-0.2266779966485E-01
    3    3    0  0.066150
-0.1920198178730E-01-0.9944926418110E-03-0.3700183235819E-04-0.9944926418110E-03
-0.6534114679678E-03-0.3054725008895E-05-0.3700183235819E-04-0.3054725008895E-05
-0.2647144642204E-03
 0.1948351683297E+00 0.8563941541211E-02 0.4161400082931E-03 0.8563941541211E-02
 0.3510018453051E-01 0.2071609183833E-03 0.4161400082931E-03 0.2071609183833E-03
-0.2300307344843E-01
    3    3    0  0.069825
-0.2098312835347E-01-0.1091525425257E-02-0.3957014991802E-04-0.1091525425257E-02
-0.6972619254576E-03-0.3283613913427E-05-0.3957014991802E-04-0.3283613913427E-05
-0.2725803523317E-03
 0.2035767820250E+00 0.9004784896740E-02 0.4239188381630E-03 0.9004784896740E-02
 0.3621761996649E-01 0.2099788390891E-03 0.4239188381630E-03 0.2099788390891E-03
-0.2334225845418E-01
    3    3    0  0.073500
-0.2269954144381E-01-0.1191626895678E-02-0.4193139750934E-04-0.1191626895678E-02
-0.7493556503670E-03-0.3528721453855E-05-0.4193139750934E-04-0.3528721453855E-05
-0.2805996264553E-03
 0.2116432201909E+00 0.9452730798220E-02 0.4303494703887E-03 0.9452730798220E-02
 0.3751440530011E-01 0.2122620280218E-03 0.4303494703887E-03 0.2122620280218E-03
-0.2368308447460E-01
    3    3    0  0.077175
-0.2437529086700E-01-0.1296794901673E-02-0.4408237964713E-04-0.1296794901673E-02
-0.8130198125980E-03-0.3796321302349E-05-0.4408237964713E-04-0.3796321302349E-05
-0.2887173344734E-03
 0.2192173404427E+00 0.9915217922157E-02 0.4352144749388E-03 0.9915217922157E-02
 0.3905559646576E-01 0.2139411399370E-03 0.4352144749388E-03 0.2139411399370E-03
-0.2402320068452E-01
    3    3    0  0.080850
-0.2603471967315E-01-0.1409776604611E-02-0.4601455939076E-04-0.1409776604611E-02
-0.8936918996223E-03-0.4096498335349E-05-0.4601455939076E-04-0.4096498335349E-05
-0.2968730812978E-03
 0.2264536305752E+00 0.1040212619728E-01 0.4382925158578E-03 0.1040212619728E-01
 0.4094321929184E-01 0.2149227151263E-03 0.4382925158578E-03 0.2149227151263E-03
-0.2436016425941E-01
    3    3    0  0.084525
-0.2770420228247E-01-0.1534815273182E-02-0.4771480118204E-04-0.1534815273182E-02
-0.1001025594572E-02-0.4446653954400E-05-0.4771480118204E-04-0.4446653954400E-05
-0.3050005158594E-03
 0.2334928231214E+00 0.1092851008224E-01 0.4393453896780E-03 0.1092851008224E-01
 0.4334991201361E-01 0.2150697625173E-03 0.4393453896780E-03 0.2150697625173E-03
-0.2469142423099E-01
    3    3    0  0.088200
-0.2941467010083E-01-0.1679374081569E-02-0.4916544379970E-04-0.1679374081569E-02
-0.1154187669507E-02-0.4879737575344E-05-0.4916544379970E-04-0.4879737575344E-05
-0.3130266830363E-03
 0.2404753092899E+00 0.1152077943001E-01 0.4381018222262E-03 0.1152077943001E-01
 0.4659880520796E-01 0.2141570347619E-03 0.4381018222262E-03 0.2141570347619E-03
-0.2501429876837E-01
    3    3    0  0.091875
-0.3120571808174E-01-0.1858935871882E-02-0.5034370477182E-04-0.1858935871882E-02
-0.1397875777713E-02-0.5466809115042E-05-0.5034370477182E-04-0.5466809115042E-05
-0.3208711610297E-03
 0.2475567220149E+00 0.1223364105886E-01 0.4342316217199E-03 0.1223364105886E-01
 0.5138710942889E-01 0.2117481094372E-03 0.4342316217199E-03 0.2117481094372E-03
-0.2532594331944E-01
    3    3    0  0.095550
-0.3313361918120E-01-0.2114502537924E-02-0.5121979551867E-04-0.2114502537924E-02
-0.1866685302265E-02-0.6394814648465E-05-0.5121979551867E-04-0.6394814648465E-05
-0.3284448345514E-03
 0.2549318221247E+00 0.1321027595857E-01 0.4272881933369E-03 0.1321027595857E-01
 0.5958909958163E-01 0.2067577921175E-03 0.4272881933369E-03 0.2067577921175E-03
-0.2562330589029E-01
    3    3    0  0.099225
-0.3529464874565E-01-0.2615528337010E-02-0.5174715527990E-04-0.2615528337010E-02
-0.3222223363906E-02-0.8362344490693E-05-0.5174715527990E-04-0.8362344490693E-05
-0.3356477880492E-03
 0.2628898516467E+00 0.1501645897204E-01 0.4164806070764E-03 0.1501645897204E-01
 0.7875081510275E-01 0.1950040707148E-03 0.4164806070764E-03 0.1950040707148E-03
-0.2590306326055E-01
    3    3    0  0.102900
-0.3815838397534E-01-0.6405198266941E-02-0.5135426575314E-04-0.6405198266941E-02
-0.2384662139159E-01-0.1651266925274E-04-0.5135426575314E-04-0.1651266925274E-04
-0.3423577708505E-03
 0.2723454586333E+00 0.2544543841158E-01 0.3966192689776E-03 0.2544543841158E-01
 0.2154903025728E+00 0.1172818334062E-03 0.3966192689776E-03 0.1172818334062E-03
-0.2616150532855E-01
    3    3    0  0.106575
-0.4040861481231E-01-0.9330958391824E-03-0.5144411022673E-04-0.9330958391824E-03
-0.5940445109091E-03 0.6027487955091E-05-0.5144411022673E-04 0.6027487955091E-05
-0.3485061367571E-03
 0.2812985490831E+00 0.7380767638548E-02 0.3882164586817E-03 0.7380767638548E-02
-0.3365007580021E-01 0.2491916276029E-03 0.3882164586817E-03 0.2491916276029E-03
-0.2639460789013E-01
    3    3    0  0.110250
-0.4441320057620E-01-0.1802801036202E-02-0.5071611768863E-04-0.1802801036202E-02
-0.1578738496350E-03-0.6693920904469E-06-0.5071611768863E-04-0.6693920904469E-06
-0.3538624685965E-03
 0.2944816579245E+00 0.1144723057149E-01 0.3607791402814E-03 0.1144723057149E-01
 0.1346793901891E-01 0.2195766823218E-03 0.3607791402814E-03 0.2195766823218E-03
-0.2659734517703E-01
    3    3    0  0.113925
-0.5021048364776E-01-0.2315944439946E-02-0.4911547265307E-04-0.2315944439946E-02
-0.5066664428957E-03-0.2424308701168E-05-0.4911547265307E-04-0.2424308701168E-05
-0.3582957083416E-03
 0.3126013676421E+00 0.1322072760721E-01 0.3254630801087E-03 0.1322072760721E-01
 0.2885970978682E-01 0.2051412614045E-03 0.3254630801087E-03 0.2051412614045E-03
-0.2676401714071E-01
    3    3    0  0.117600
-0.6054476578818E-01-0.2957630594928E-02-0.4615260204767E-04-0.2957630594928E-02
-0.9272259418009E-03-0.3403518516842E-05-0.4615260204767E-04-0.3403518516842E-05
-0.3615896891448E-03
 0.3423309172433E+00 0.1498602322523E-01 0.2746096977155E-03 0.1498602322523E-01
 0.4025204620396E-01 0.1908654554361E-03 0.2746096977155E-03 0.1908654554361E-03
-0.2688744408514E-01
    3    3    0  0.121275
-0.8759714156123E-01-0.4416294171418E-02-0.3852524753249E-04-0.4416294171418E-02
-0.1734132157900E-02-0.4239400688601E-05-0.3852524753249E-04-0.4239400688601E-05
-0.3634753798081E-03
 0.4088664235815E+00 0.1815853339004E-01 0.1846811566999E-03 0.1815853339004E-01
 0.5582106883933E-01 0.1713710448872E-03 0.1846811566999E-03 0.1713710448872E-03
-0.2695836916308E-01
    3    3    0  0.124950
-0.3603280212397E+00-0.2148591854218E-01 0.8662730534683E-04-0.2148591854218E-01
-0.8390808786824E-02-0.3365967102744E-06 0.8662730534683E-04-0.3365967102744E-06
-0.3636261857102E-03
 0.7673344119717E+00 0.3944576688610E-01-0.1976558744614E-03 0.3944576688610E-01
 0.1212171055294E+00 0.1095795210344E-03-0.1976558744614E-03 0.1095795210344E-03
-0.2696407920731E-01
    3    3    0  0.128625
-0.1139578223062E-02 0.3193854382671E-03 0.1633725692985E-04 0.3193854382671E-03
-0.1686088933919E-03 0.1461849456557E-05 0.1633725692985E-04 0.1461849456557E-05
-0.3617303236348E-03
-0.4659057620883E-01 0.1033694681134E-01 0.4703964088431E-03 0.1033694681134E-01
-0.1517236219248E-01 0.1852154133441E-03 0.4703964088431E-03 0.1852154133441E-03
-0.2689003443413E-01
    3    3    0  0.132300
-0.1124862222405E-01-0.1126799859294E-02-0.1544195204728E-04-0.1126799859294E-02
-0.5167461549878E-03-0.1693774005183E-05-0.1544195204728E-04-0.1693774005183E-05
-0.3566335249393E-03
 0.1490371134533E+00 0.1254295893731E-01 0.2366947238076E-03 0.1254295893731E-01
 0.2957381247268E-01 0.1392821705956E-03 0.2366947238076E-03 0.1392821705956E-03
-0.2670326192003E-01
    3    3    0  0.135975
-0.2058881274061E-01-0.2026173818637E-02-0.9791755888747E-05-0.2026173818637E-02
-0.1921901307159E-02-0.2421679373144E-05-0.9791755888747E-05-0.2421679373144E-05
-0.3476556058481E-03
 0.2012820526700E+00 0.1533445807035E-01 0.1022915182929E-03 0.1533445807035E-01
 0.6000707116015E-01 0.9659163436270E-04 0.1022915182929E-03 0.9659163436270E-04
-0.2636608526184E-01
    3    3    0  0.139650
-0.2626585692668E-01-0.9162710519076E-03 0.3966558585989E-05-0.9162710519076E-03
-0.7437623596384E-03 0.3219410826947E-05 0.3966558585989E-05 0.3219410826947E-05
-0.3329200933928E-03
 0.2274875144562E+00 0.9508308862348E-02-0.4328975259795E-04 0.9508308862348E-02
-0.3735926861757E-01 0.9531402072957E-04-0.4328975259795E-04 0.9531402072957E-04
-0.2580151867882E-01
    3    3    0  0.143325
-0.3083946460420E-01-0.2319229142469E-02 0.2771155656727E-04-0.2319229142469E-02
-0.1091719104929E-02 0.1945340183795E-05 0.2771155656727E-04 0.1945340183795E-05
-0.3090420373998E-03
 0.2459154453538E+00 0.1574832517484E-01-0.2470429064483E-03 0.1574832517484E-01
 0.4391876334267E-01 0.3505973255347E-05-0.2470429064483E-03 0.3505973255347E-05
-0.2485813254480E-01
    3    3    0  0.147000
-0.3455312207004E-01-0.1556314653786E-02 0.6876824116673E-04-0.1556314653786E-02
-0.1071845154555E-03 0.2131941671860E-05 0.6876824116673E-04 0.2131941671860E-05
-0.2687441225483E-03
 0.2603124280968E+00 0.1212514293305E-01-0.5654538928406E-03 0.1212514293305E-01
-0.8056603306112E-02-0.8645556700929E-04-0.5654538928406E-03-0.8645556700929E-04
-0.2317507444232E-01
    3    3    0  0.150675
-0.4009457807169E-01-0.1440863344158E-01 0.1635491610662E-03-0.1440863344158E-01
-0.6836898988376E-01 0.7738745425133E-04 0.1635491610662E-03 0.7738745425133E-04
-0.1928501363449E-03
 0.2766648316680E+00 0.4276782510303E-01-0.1195634017989E-02 0.4276782510303E-01
 0.3605924017453E+00-0.2814655675824E-03-0.1195634017989E-02-0.2814655675824E-03
-0.1959901989381E-01
    3    3    0  0.154350
-0.4303949219348E-01-0.1299767463782E-02 0.4883487997434E-03-0.1299767463782E-02
-0.8075018102433E-03-0.9413879929171E-05 0.4883487997434E-03-0.9413879929171E-05
-0.3181951129060E-04
 0.2900195918067E+00 0.1010738884424E-01-0.3337016285485E-02 0.1010738884424E-01
-0.3884797494325E-01-0.1156551249341E-02-0.3337016285485E-02-0.1156551249341E-02
-0.7136255912354E-02
    3    3    0  0.158025
-0.4949270280386E-01-0.2725963359270E-02-0.1313557586456E-02-0.2725963359270E-02
-0.2067740087245E-03-0.1383659412600E-03-0.1313557586456E-02-0.1383659412600E-03
-0.5824280688407E-02
 0.3099881198689E+00 0.1656461912631E-01 0.1263727029280E-01 0.1656461912631E-01
 0.1145575037234E-01-0.6591033268228E-03 0.1263727029280E-01-0.6591033268228E-03
-0.1070175664784E+00
    3    3    0  0.161700
-0.6859751467039E-01-0.3623100595077E-02-0.4211866175660E-03-0.3623100595077E-02
-0.6415462632307E-03-0.1811508094467E-04-0.4211866175660E-03-0.1811508094467E-04
-0.8857637430010E-03
 0.3635320981657E+00 0.1773014565864E-01 0.2482257826421E-02 0.1773014565864E-01
 0.3089480111814E-01 0.8408076886963E-03 0.2482257826421E-02 0.8408076886963E-03
-0.4199638818737E-01
    3    3    0  0.165375
-0.1072514055034E+01-0.8965952845689E-03 0.6352174809015E-03-0.8965952845689E-03
-0.1951776494118E-04 0.1192826402063E-04 0.6352174809015E-03 0.1192826402063E-04
-0.6090148454625E-03
-0.9973662784772E+00-0.8283642235005E-03 0.5699189174327E-03-0.8283642235005E-03
-0.6102066989543E-02 0.5565201881037E-03 0.5699189174327E-03 0.5565201881037E-03
-0.3488008924902E-01
    4    4    0  0.169050
-0.2189838652762E-01-0.4005760906746E-02-0.6321596243646E-04-0.3634686874156E-02
-0.4005760906746E-02-0.3091274887995E-01 0.1960340336463E-04-0.2268900532553E-02
-0.6321596243646E-04 0.1960340336463E-04-0.4866788115051E-03-0.5155809931753E-04
-0.3634686874156E-02-0.2268900532553E-02-0.5155809931753E-04-0.3058371261093E-01
 0.2067862355046E+00 0.1528223238384E-01 0.7021604522440E-03 0.1712850861157E-01
 0.1528223238384E-01 0.2903417382338E-01 0.3297362311963E-03 0.2444832646624E+00
 0.7021604522440E-03 0.3297362311963E-03-0.3118448061513E-01-0.2003532819514E-03
 0.1712850861157E-01 0.2444832646624E+00-0.2003532819514E-03-0.1217405353890E-01
    4    4    0  0.172725
-0.3438046489023E-01-0.5164141789064E-02-0.1022188481385E-04-0.4808778302319E-02
-0.5164141789064E-02-0.3152338532803E-01 0.1630098123081E-04-0.2729994531156E-02
-0.1022188481385E-04 0.1630098123081E-04-0.3776648056999E-03-0.2173342537393E-04
-0.4808778302319E-02-0.2729994531156E-02-0.2173342537393E-04-0.3118154472238E-01
 0.2584771975761E+00 0.1638291609475E-01 0.8938695783258E-04 0.2121911883514E-01
 0.1638291609475E-01 0.3104665193920E-01 0.1441150827332E-03 0.2465494068776E+00
 0.8938695783258E-04 0.1441150827332E-03-0.2747977743955E-01-0.1386031437416E-03
 0.2121911883514E-01 0.2465494068776E+00-0.1386031437416E-03-0.1110597927211E-01
    4    4    0  0.176400
-0.4229808537801E-01-0.5963188746979E-02 0.1577957340602E-03-0.5642086534298E-02
-0.5963188746979E-02-0.3231482566667E-01 0.1349300067206E-04-0.3506894725844E-02
 0.1577957340602E-03 0.1349300067206E-04-0.1978754480268E-03 0.4626160931694E-04
-0.5642086534298E-02-0.3506894725844E-02 0.4626160931694E-04-0.3184947496591E-01
 0.2861471006118E+00 0.1740538549861E-01-0.1141449048306E-02 0.2356292703745E-01
 0.1740538549861E-01 0.3529162773903E-01-0.2546563592437E-03 0.2489759706881E+00
-0.1141449048306E-02-0.2546563592437E-03-0.1985740970405E-01-0.6612383583983E-05
 0.2356292703745E-01 0.2489759706881E+00-0.6612383583983E-05-0.9807228489217E-02
    4    4    0  0.180075
-0.5591138542306E-01-0.5809667647815E-01-0.4288432141399E-02-0.3096842153645E-01
-0.5809667647815E-01-0.5922775804909E+00-0.2670160703765E-01-0.2998641909059E+00
-0.4288432141399E-02-0.2670160703765E-01-0.2711173922231E-01-0.1756455259263E-01
-0.3096842153645E-01-0.2998641909059E+00-0.1756455259263E-01-0.1804126311148E+00
 0.3152794647935E+00 0.4818207372019E-01 0.3493248663066E-01 0.3743124971242E-01
 0.4818207372019E-01 0.7080364865322E+00 0.4970176349843E-01 0.4833717536453E+00
 0.3493248663066E-01 0.4970176349843E-01-0.2205256808000E+00 0.1124420985294E-01
 0.3743124971242E-01 0.4833717536453E+00 0.1124420985294E-01 0.4375696748555E-01
    4    4    0  0.183750
-0.2795136135125E+00-0.1620516920327E-01-0.6839600640330E-03-0.2485582929545E-01
-0.1620516920327E-01-0.3209966518324E-01 0.3189939839905E-04-0.2574889063727E-02
-0.6839600640330E-03 0.3189939839905E-04-0.7671679966330E-03-0.1597229483369E-03
-0.2485582929545E-01-0.2574889063727E-02-0.1597229483369E-03-0.3339375929383E-01
 0.6904253378312E+00 0.1929663192110E-01 0.1811734551916E-02 0.5436625627241E-01
 0.1929663192110E-01 0.2242435131742E-01 0.7231662335181E-03 0.2490461177704E+00
 0.1811734551916E-02 0.7231662335181E-03-0.3910620949382E-01-0.3900560311577E-03
 0.5436625627241E-01 0.2490461177704E+00-0.3900560311577E-03-0.8252082858073E-02
    4    4    0  0.187425
-0.3361287623896E-01-0.5376161399321E-02-0.7015259149960E-04-0.5034677149018E-02
-0.5376161399321E-02-0.3269407673289E-01 0.2293351162567E-04-0.2657501697813E-02
-0.7015259149960E-04 0.2293351162567E-04-0.4589452477567E-03-0.5347951113578E-04
-0.5034677149018E-02-0.2657501697813E-02-0.5347951113578E-04-0.3243453312145E-01
 0.2554643211041E+00 0.1694635028265E-01 0.6086913490218E-03 0.2218338053304E-01
 0.1694635028265E-01 0.2808548811933E-01 0.3290434166501E-03 0.2514104277061E+00
 0.6086913490218E-03 0.3290434166501E-03-0.3028439441106E-01-0.2196310760125E-03
 0.2218338053304E-01 0.2514104277061E+00-0.2196310760125E-03-0.9235820791210E-02
    4    4    0  0.191100
-0.4857097966623E-01-0.6982961756166E-02 0.4477266342487E-03-0.6673601307642E-02
-0.6982961756166E-02-0.3427687412656E-01 0.2121085083377E-04-0.4884111484466E-02
 0.4477266342487E-03 0.2121085083377E-04-0.3178587880239E-04 0.1503466354611E-03
-0.6673601307642E-02-0.4884111484466E-02 0.1503466354611E-03-0.3359004892314E-01
 0.3059799038785E+00 0.1910700672352E-01-0.2884047239024E-02 0.2631013276946E-01
 0.1910700672352E-01 0.4109827365220E-01-0.8386523965103E-03 0.2554434932867E+00
-0.2884047239024E-02-0.8386523965103E-03-0.7368470461457E-02 0.1783559705349E-03
 0.2631013276946E-01 0.2554434932867E+00 0.1783559705349E-03-0.6305489386882E-02
    4    4    0  0.194775
-0.1074138294797E+00 0.5336743026401E-02 0.4473164797390E-03-0.8727925789737E-02
 0.5336743026401E-02-0.3238542938169E-01 0.5235408313377E-04-0.1070436560598E-02
 0.4473164797390E-03 0.5235408313377E-04-0.7456610769951E-03-0.7307891198089E-04
-0.8727925789737E-02-0.1070436560598E-02-0.7307891198089E-04-0.3280223366968E-01
-0.4495306095421E+00 0.3840033023724E-02 0.1768422042487E-02-0.3300649184295E-01
 0.3840033023724E-02 0.2213353794653E-01 0.7376372932480E-03 0.2513707020740E+00
 0.1768422042487E-02 0.7376372932480E-03-0.3855811098016E-01-0.3982742557828E-03
-0.3300649184295E-01 0.2513707020740E+00-0.3982742557828E-03-0.1320363414892E-01
    4    4    0  0.198450
-0.4707183764525E-01-0.6849868775326E-02 0.1621563249355E-03-0.6610791432916E-02
-0.6849868775326E-02-0.3425580192220E-01 0.1779631566807E-04-0.4100633768076E-02
 0.1621563249355E-03 0.1779631566807E-04-0.1646649765532E-03 0.4121272513883E-04
-0.6610791432916E-02-0.4100633768076E-02 0.4121272513883E-04-0.3383306954928E-01
 0.3012943643063E+00 0.1877364242372E-01-0.1099904458338E-02 0.2655775646604E-01
 0.1877364242372E-01 0.3465208575419E-01-0.2011925094955E-03 0.2563613669947E+00
-0.1099904458338E-02-0.2011925094955E-03-0.1811140032993E-01-0.3792791053542E-04
 0.2655775646604E-01 0.2563613669947E+00-0.3792791053542E-04-0.5871685432858E-02
    4    4    0  0.202125
-0.3159393312671E-01-0.5440032424466E-02-0.1259632885828E-03-0.5110901191615E-02
-0.5440032424466E-02-0.3362029507343E-01 0.3174904542863E-04-0.2637906923341E-02
-0.1259632885828E-03 0.3174904542863E-04-0.5500350603953E-03-0.8682279834660E-04
-0.5110901191615E-02-0.2637906923341E-02-0.8682279834660E-04-0.3341896302813E-01
 0.2476294797815E+00 0.1742672606447E-01 0.1145037795834E-02 0.2255210328907E-01
 0.1742672606447E-01 0.2527021980977E-01 0.5167300096792E-03 0.2552080927241E+00
 0.1145037795834E-02 0.5167300096792E-03-0.3313711966095E-01-0.3104003726850E-03
 0.2255210328907E-01 0.2552080927241E+00-0.3104003726850E-03-0.6938822756503E-02
    4    4    0  0.205800
-0.1998732556223E-01-0.4362585622362E-02-0.1320791519191E-03-0.4038669159631E-02
-0.4362585622362E-02-0.3365690189480E-01 0.3843774323406E-04-0.2328022249896E-02
-0.1320791519191E-03 0.3843774323406E-04-0.6526137910320E-03-0.1084998064312E-03
-0.4038669159631E-02-0.2328022249896E-02-0.1084998064312E-03-0.3343765889379E-01
 0.1972450743854E+00 0.1678357147435E-01 0.1595370308454E-02 0.1870680751479E-01
 0.1678357147435E-01 0.2314768052056E-01 0.6537619965255E-03 0.2556142262011E+00
 0.1595370308454E-02 0.6537619965255E-03-0.3607854062147E-01-0.3705107136543E-03
 0.1870680751479E-01 0.2556142262011E+00-0.3705107136543E-03-0.6839874626105E-02
    4    4    0  0.209475
-0.4685463016858E-01-0.6967801344820E-02 0.2038159833455E-04-0.6785457659388E-02
-0.6967801344820E-02-0.3469436648598E-01 0.2367241675884E-04-0.3879919153222E-02
 0.2038159833455E-04 0.2367241675884E-04-0.2734379985009E-03-0.1873226957257E-04
-0.6785457659388E-02-0.3879919153222E-02-0.1873226957257E-04-0.3440651470275E-01
 0.3005242524891E+00 0.1897745886454E-01-0.1359075765715E-03 0.2728226736067E-01
 0.1897745886454E-01 0.3089072068037E-01 0.1391989021867E-03 0.2584705580372E+00
-0.1359075765715E-03 0.1391989021867E-03-0.2338229799918E-01-0.1737672171704E-03
 0.2728226736067E-01 0.2584705580372E+00-0.1737672171704E-03-0.4091810465265E-02
    4    4    0  0.213150
-0.6577433176934E-01-0.7372580546842E-02-0.8357357264449E-03-0.8015797656732E-02
-0.7372580546842E-02-0.3229829966289E-01 0.1205394116290E-03 0.6887123416605E-03
-0.8357357264449E-03 0.1205394116290E-03-0.2226641182569E-02-0.3396264908228E-03
-0.8015797656732E-02 0.6887123416605E-03-0.3396264908228E-03-0.3270017261339E-01
 0.3546560504426E+00 0.1711704541567E-01 0.5597350938527E-02 0.3158887006478E-01
 0.1711704541567E-01 0.3693866872363E-03 0.1654080951245E-02 0.2514014910302E+00
 0.5597350938527E-02 0.1654080951245E-02-0.6642738313021E-01-0.9124435455563E-03
 0.3158887006478E-01 0.2514014910302E+00-0.9124435455563E-03-0.8049987422328E-02
    4    4    0  0.216825
-0.4841603520527E-01-0.7225469920897E-02-0.3689476007057E-05-0.7089843397284E-02
-0.7225469920897E-02-0.3511790080912E-01 0.2688814821892E-04-0.4079829253204E-02
-0.3689476007057E-05 0.2688814821892E-04-0.2781901723737E-03-0.3117153455447E-04
-0.7089843397284E-02-0.4079829253204E-02-0.3117153455447E-04-0.3485752501739E-01
 0.3053172629145E+00 0.1935978854816E-01 0.3208546327700E-04 0.2814340351238E-01
 0.1935978854816E-01 0.3039124311472E-01 0.2112074796305E-03 0.2600676985641E+00
 0.3208546327700E-04 0.2112074796305E-03-0.2358412226005E-01-0.2116267293526E-03
 0.2814340351238E-01 0.2600676985641E+00-0.2116267293526E-03-0.2405689732442E-02
   10   10    0  0.220500
-0.8578199110549E-01-0.8168253293177E-02 0.1004930053912E-02-0.1028953676087E-01
-0.1207874857543E+00 0.5857917599970E-03-0.3103356472079E-02 0.1354592980991E+00
-0.1782032065846E-02 0.1789684114180E-02-0.8168253293177E-02-0.4101741399132E-01
 0.3833496592989E-03-0.4794668451299E-02 0.6760499550769E-03 0.3292714304877E-02
-0.1918624003098E-02-0.2487869199906E-03-0.3719155440168E-02-0.1267458094376E-02
 0.1004930053912E-02 0.3833496592989E-03-0.1031418668203E-01-0.2570012633714E-03
 0.1214558590095E-03 0.1832677457359E-04 0.5607698764757E-03 0.6367650092998E-04
 0.2607946609200E-03-0.8513912124728E-03-0.1028953676087E-01-0.4794668451299E-02
-0.2570012633714E-03-0.3602642594004E-01-0.1047658144938E-01 0.8499875905594E-02
 0.1445157924613E-02 0.1051869604308E-01-0.1058466262937E-01 0.2434262926430E-02
-0.1207874857543E+00 0.6760499550769E-03 0.1214558590095E-03-0.1047658144938E-01
-0.1323370686432E+01-0.8674060611109E-02-0.2358698669928E-02-0.9919167692776E-01
 0.5413202814477E-03-0.5712507548445E-02 0.5857917599970E-03 0.3292714304877E-02
 0.1832677457359E-04 0.8499875905594E-02-0.8674060611109E-02-0.4277598609474E-02
-0.2764112529026E-03 0.7018136966009E-03 0.2620554084676E-02-0.5370398492165E-03
-0.3103356472079E-02-0.1918624003098E-02 0.5607698764757E-03 0.1445157924613E-02
-0.2358698669928E-02-0.2764112529026E-03-0.5486735526502E-02 0.6636411712965E-02
 0.3669789924558E-03 0.4405404367950E-02 0.1354592980991E+00-0.2487869199906E-03
 0.6367650092998E-04 0.1051869604308E-01-0.9919167692776E-01 0.7018136966009E-03
 0.6636411712965E-02-0.1315809065861E+01-0.8368423350449E-02 0.1381844540231E-02
-0.1782032065846E-02-0.3719155440168E-02 0.2607946609200E-03-0.1058466262937E-01
 0.5413202814477E-03 0.2620554084676E-02 0.3669789924558E-03-0.8368423350449E-02
-0.5560625241845E-02 0.6439898626357E-03 0.1789684114180E-02-0.1267458094376E-02
-0.8513912124728E-03 0.2434262926430E-02-0.5712507548445E-02-0.5370398492165E-03
 0.4405404367950E-02 0.1381844540231E-02 0.6439898626357E-03-0.7653793889910E-02
 0.3003896873884E+00 0.1803209072878E-01 0.1509722330765E-02 0.2761961916877E-01
-0.1331168147350E+00-0.3175893881545E-02 0.8958938959611E-02 0.1471175491914E+00
 0.9980040847895E-02-0.1409906745062E-01 0.1803209072878E-01 0.2345179408119E-01
 0.6184208083990E-03 0.2582762040486E+00-0.3927175024181E-02-0.6939671006903E-01
-0.1417070076733E-01 0.4456062550825E-02 0.8522569227129E-01-0.1829016303619E-01
 0.1509722330765E-02 0.6184208083990E-03-0.3342561815984E-01-0.3118713387892E-03
-0.2438641940619E-03-0.1748647586371E-03-0.8847306629280E-01-0.2373515906358E-03
 0.2587569065554E-03 0.1075728303235E+00 0.2761961916877E-01 0.2582762040486E+00
-0.3118713387892E-03-0.3061523757613E-02-0.1205009981289E-01-0.2334481446571E-01
 0.2443501226834E-01 0.1259102656846E-01 0.2769687103236E-01 0.2283644885357E-01
-0.1331168147350E+00-0.3927175024181E-02-0.2438641940619E-03-0.1205009981289E-01
-0.9233803510031E+00-0.5295328105199E-02-0.3716067411984E-02 0.1469557501678E-01
-0.3968118851114E-03-0.2970093367364E-02-0.3175893881545E-02-0.6939671006903E-01
-0.1748647586371E-03-0.2334481446571E-01-0.5295328105199E-02-0.4805111545627E-01
 0.1330774803685E-01 0.5152115986183E-03-0.1914753853796E-01 0.1088859012957E-01
 0.8958938959611E-02-0.1417070076733E-01-0.8847306629280E-01 0.2443501226834E-01
-0.3716067411984E-02 0.1330774803685E-01 0.4233551438028E-01 0.6727385263102E-02
-0.1077718541746E-01-0.2862980316213E-02 0.1471175491914E+00 0.4456062550825E-02
-0.2373515906358E-03 0.1259102656846E-01 0.1469557501678E-01 0.5152115986183E-03
 0.6727385263102E-02-0.9218182470571E+00-0.4104078156654E-02-0.1143655629415E-03
 0.9980040847895E-02 0.8522569227129E-01 0.2587569065554E-03 0.2769687103236E-01
-0.3968118851114E-03-0.1914753853796E-01-0.1077718541746E-01-0.4104078156654E-02
-0.4533999797716E-01-0.1406353764678E-01-0.1409906745062E-01-0.1829016303619E-01
 0.1075728303235E+00 0.2283644885357E-01-0.2970093367364E-02 0.1088859012957E-01
-0.2862980316213E-02-0.1143655629415E-03-0.1406353764678E-01 0.4714644921946E-01
   10   10    0  0.224175
-0.8641104016324E-01-0.8281597923124E-02 0.9648773932039E-03-0.1047809782781E-01
-0.1206395831102E+00 0.5778040353981E-03-0.3183528731652E-02 0.1352063346261E+00
-0.1747923230165E-02 0.1593893954035E-02-0.8281597923124E-02-0.4124417298675E-01
 0.3706010833272E-03-0.4923224482689E-02 0.6874605771526E-03 0.3347334533833E-02
-0.1944431128244E-02-0.2579808160950E-03-0.3765529074904E-02-0.1314261430357E-02
 0.9648773932039E-03 0.3706010833272E-03-0.1038397965884E-01-0.2552023871602E-03
 0.1353488445848E-03 0.1683806570168E-04 0.5563311395190E-03 0.5503476673639E-04
 0.2485500353761E-03-0.8343977344987E-03-0.1047809782781E-01-0.4923224482689E-02
-0.2552023871602E-03-0.3624853997113E-01-0.1059741936147E-01 0.8605834762760E-02
 0.1451902683211E-02 0.1064962547396E-01-0.1062367087126E-01 0.2416444300649E-02
-0.1206395831102E+00 0.6874605771526E-03 0.1353488445848E-03-0.1059741936147E-01
-0.1327853050461E+01-0.9073292170291E-02-0.2562279151317E-02-0.9889836872936E-01
 0.5464646305827E-03-0.5838233930825E-02 0.5778040353981E-03 0.3347334533833E-02
 0.1683806570168E-04 0.8605834762760E-02-0.9073292170291E-02-0.4345580116783E-02
-0.2831352317782E-03 0.7034544738659E-03 0.2645916467218E-02-0.5362891912110E-03
-0.3183528731652E-02-0.1944431128244E-02 0.5563311395190E-03 0.1451902683211E-02
-0.2562279151317E-02-0.2831352317782E-03-0.5566711983399E-02 0.6747724372193E-02
 0.3709336464298E-03 0.4431466918538E-02 0.1352063346261E+00-0.2579808160950E-03
 0.5503476673639E-04 0.1064962547396E-01-0.9889836872936E-01 0.7034544738659E-03
 0.6747724372193E-02-0.1320429983521E+01-0.8773064235885E-02 0.1605839077019E-02
-0.1747923230165E-02-0.3765529074904E-02 0.2485500353761E-03-0.1062367087126E-01
 0.5464646305827E-03 0.2645916467218E-02 0.3709336464298E-03-0.8773064235885E-02
-0.5588521746219E-02 0.6340986381206E-03 0.1593893954035E-02-0.1314261430357E-02
-0.8343977344987E-03 0.2416444300649E-02-0.5838233930825E-02-0.5362891912110E-03
 0.4431466918538E-02 0.1605839077019E-02 0.6340986381206E-03-0.7637048746765E-02
 0.3029522138604E+00 0.1822901093615E-01 0.1552150430326E-02 0.2802143386172E-01
-0.1326440497152E+00-0.3233176103008E-02 0.9128037933717E-02 0.1464992044655E+00
 0.9896481585248E-02-0.1330613994988E-01 0.1822901093615E-01 0.2318820908836E-01
 0.6387982226649E-03 0.2589297142916E+00-0.3931242666585E-02-0.7001629475039E-01
-0.1432062238125E-01 0.4459782744927E-02 0.8527217842095E-01-0.1827094206033E-01
 0.1552150430326E-02 0.6387982226649E-03-0.3355444029280E-01-0.3282922703263E-03
-0.2373506293397E-03-0.1844839370619E-03-0.8925014864737E-01-0.2274122699467E-03
 0.2644971922052E-03 0.1075327072941E+00 0.2802143386172E-01 0.2589297142916E+00
-0.3282922703263E-03-0.2174488947364E-02-0.1214468994662E-01-0.2371136367671E-01
 0.2465614556753E-01 0.1269260007789E-01 0.2796082814662E-01 0.2309216342792E-01
-0.1326440497152E+00-0.3931242666585E-02-0.2373506293397E-03-0.1214468994662E-01
-0.9218985235161E+00-0.5527633189349E-02-0.3888651423516E-02 0.1520926591015E-01
-0.3466873009360E-03-0.3171253043065E-02-0.3233176103008E-02-0.7001629475039E-01
-0.1844839370619E-03-0.2371136367671E-01-0.5527633189349E-02-0.4809997494784E-01
 0.1332459392911E-01 0.5391470161452E-03-0.1943160253220E-01 0.1104111056032E-01
 0.9128037933717E-02-0.1432062238125E-01-0.8925014864737E-01 0.2465614556753E-01
-0.3888651423516E-02 0.1332459392911E-01 0.4225163725211E-01 0.6824230664482E-02
-0.1092908324394E-01-0.2889926975725E-02 0.1464992044655E+00 0.4459782744927E-02
-0.2274122699467E-03 0.1269260007789E-01 0.1520926591015E-01 0.5391470161452E-03
 0.6824230664482E-02-0.9203714361470E+00-0.4367226092705E-02 0.1821831431226E-03
 0.9896481585248E-02 0.8527217842095E-01 0.2644971922052E-03 0.2796082814662E-01
-0.3466873009360E-03-0.1943160253220E-01-0.1092908324394E-01-0.4367226092705E-02
-0.4545080832631E-01-0.1406001369895E-01-0.1330613994988E-01-0.1827094206033E-01
 0.1075327072941E+00 0.2309216342792E-01-0.3171253043065E-02 0.1104111056032E-01
-0.2889926975725E-02 0.1821831431226E-03-0.1406001369895E-01 0.4693117129862E-01
   10   10    0  0.227850
-0.8705803830690E-01-0.8393987203356E-02 0.9222736076609E-03-0.1066939205299E-01
-0.1204895289697E+00 0.5679374296012E-03-0.3264702783791E-02 0.1349297059199E+00
-0.1710698738633E-02 0.1387865880310E-02-0.8393987203356E-02-0.4145555435135E-01
 0.3566484332480E-03-0.5057872487942E-02 0.6983697513782E-03 0.3404675064777E-02
-0.1968714488589E-02-0.2661243782913E-03-0.3817096870231E-02-0.1360522799541E-02
 0.9222736076609E-03 0.3566484332480E-03-0.1044069030959E-01-0.2523403198581E-03
 0.1482840872904E-03 0.1640931253270E-04 0.5504629192263E-03 0.4501467749095E-04
 0.2365274893215E-03-0.8157210321686E-03-0.1066939205299E-01-0.5057872487942E-02
-0.2523403198581E-03-0.3646108582767E-01-0.1072307784572E-01 0.8710487377898E-02
 0.1457524329464E-02 0.1078382200022E-01-0.1065575411884E-01 0.2395073935139E-02
-0.1204895289697E+00 0.6983697513782E-03 0.1482840872904E-03-0.1072307784572E-01
-0.1332293182344E+01-0.9482435779046E-02-0.2771838313861E-02-0.9860563798768E-01
 0.5519562664907E-03-0.5963653155518E-02 0.5679374296012E-03 0.3404675064777E-02
 0.1640931253270E-04 0.8710487377898E-02-0.9482435779046E-02-0.4406066158332E-02
-0.2905359966768E-03 0.7065436884215E-03 0.2671341723655E-02-0.5354732441344E-03
-0.3264702783791E-02-0.1968714488589E-02 0.5504629192263E-03 0.1457524329464E-02
-0.2771838313861E-02-0.2905359966768E-03-0.5641935122209E-02 0.6863825972117E-02
 0.3751759048510E-03 0.4451290593841E-02 0.1349297059199E+00-0.2661243782913E-03
 0.4501467749095E-04 0.1078382200022E-01-0.9860563798768E-01 0.7065436884215E-03
 0.6863825972117E-02-0.1325008669794E+01-0.9186728656621E-02 0.1831914957515E-02
-0.1710698738633E-02-0.3817096870231E-02 0.2365274893215E-03-0.1065575411884E-01
 0.5519562664907E-03 0.2671341723655E-02 0.3751759048510E-03-0.9186728656621E-02
-0.5605293209641E-02 0.6237727725044E-03 0.1387865880310E-02-0.1360522799541E-02
-0.8157210321686E-03 0.2395073935139E-02-0.5963653155518E-02-0.5354732441344E-03
 0.4451290593841E-02 0.1831914957515E-02 0.6237727725044E-03-0.7608493300878E-02
 0.3055541731229E+00 0.1842735262115E-01 0.1590530944118E-02 0.2841742010472E-01
-0.1321804441008E+00-0.3287386212411E-02 0.9295314296994E-02 0.1458727929809E+00
 0.9798048315327E-02-0.1246959343142E-01 0.1842735262115E-01 0.2294719761109E-01
 0.6580238722353E-03 0.2595459127704E+00-0.3935783929397E-02-0.7061547555185E-01
-0.1446340089838E-01 0.4464050799130E-02 0.8526179829325E-01-0.1823587674125E-01
 0.1590530944118E-02 0.6580238722353E-03-0.3366300504000E-01-0.3445684669134E-03
-0.2302383225887E-03-0.1939108287489E-03-0.8999002791684E-01-0.2189491330715E-03
 0.2697495427692E-03 0.1074038483691E+00 0.2841742010472E-01 0.2595459127704E+00
-0.3445684669134E-03-0.1257252603872E-02-0.1224195503667E-01-0.2406585647788E-01
 0.2486120792519E-01 0.1279526827474E-01 0.2821577821243E-01 0.2333315082412E-01
-0.1321804441008E+00-0.3935783929397E-02-0.2302383225887E-03-0.1224195503667E-01
-0.9204053951028E+00-0.5765656494883E-02-0.4064182761969E-02 0.1571837297768E-01
-0.2940178683998E-03-0.3375627171080E-02-0.3287386212411E-02-0.7061547555185E-01
-0.1939108287489E-03-0.2406585647788E-01-0.5765656494883E-02-0.4801366487061E-01
 0.1334941920010E-01 0.5655757667803E-03-0.1970434560151E-01 0.1118527659879E-01
 0.9295314296994E-02-0.1446340089838E-01-0.8999002791684E-01 0.2486120792519E-01
-0.4064182761969E-02 0.1334941920010E-01 0.4212532774747E-01 0.6923723812276E-02
-0.1107461517337E-01-0.2917614060084E-02 0.1458727929809E+00 0.4464050799130E-02
-0.2189491330715E-03 0.1279526827474E-01 0.1571837297768E-01 0.5655757667803E-03
 0.6923723812276E-02-0.9189172522090E+00-0.4636708258127E-02 0.4831629194403E-03
 0.9798048315327E-02 0.8526179829325E-01 0.2697495427692E-03 0.2821577821243E-01
-0.2940178683998E-03-0.1970434560151E-01-0.1107461517337E-01-0.4636708258127E-02
-0.4542714605618E-01-0.1406429674092E-01-0.1246959343142E-01-0.1823587674125E-01
 0.1074038483691E+00 0.2333315082412E-01-0.3375627171080E-02 0.1118527659879E-01
-0.2917614060084E-02 0.4831629194403E-03-0.1406429674092E-01 0.4667324082337E-01
   10   10    0  0.231525
-0.8772209569843E-01-0.8505451978785E-02 0.8776393195964E-03-0.1086315722628E-01
-0.1203368786502E+00 0.5567524502906E-03-0.3346850990218E-02 0.1346294165899E+00
