                  12                   1               12790                   1               12789
T-Matrices                                                  
    7    1    2   16    2    1    0    0   10   16   16     0.00000000
    1    3   -2  0.000000
    2    2   -2  0.181000
    2    4   -2  0.181000
    2    4   -4  0.181000
    3    2   -1  0.203600
    3    4   -3  0.203600
    3    4   -1  0.203600
    4    2    1  0.203600
    4    4    1  0.203600
    4    4    3  0.203600
    7    1   -1  0.810800
    7    3   -1  0.810800
    7    3   -3  0.810800
    8    1    1  0.810800
    8    3    1  0.810800
    8    3    3  0.810800
    1   99     0.00735000     0.00367500
    1    1    0  0.007350
-0.1221119024724E-02
 0.4940391601660E-01
    1    1    0  0.011025
-0.1381463135872E-02
 0.5254538829763E-01
    1    1    0  0.014700
-0.1572376011678E-02
 0.5605604032603E-01
    1    1    0  0.018375
-0.1801459692024E-02
 0.5999728433043E-01
    1    1    0  0.022050
-0.2079009463008E-02
 0.6444917878195E-01
    1    1    0  0.025725
-0.2419316483890E-02
 0.6951819816084E-01
    1    1    0  0.029400
-0.2842796143611E-02
 0.7534925877079E-01
    1    1    0  0.033075
-0.3379609144491E-02
 0.8214497264601E-01
    1    1    0  0.036750
-0.4076125539473E-02
 0.9019776205390E-01
    1    1    0  0.040425
-0.5007149951398E-02
 0.9994612724944E-01
    1    1    0  0.044100
-0.6300737150953E-02
 0.1120793246467E+00
    1    1    0  0.047775
-0.8193236782035E-02
 0.1277471895390E+00
    1    1    0  0.051450
-0.1116625316454E-01
 0.1490228879043E+00
    1    1    0  0.055125
-0.1634473493223E-01
 0.1800619879499E+00
    1    1    0  0.058800
-0.2694534310432E-01
 0.2305745751240E+00
    1    1    0  0.062475
-0.5583822178703E-01
 0.3294822249556E+00
    1    1    0  0.066150
-0.2066230414940E+00
 0.6087306479157E+00
    1    1    0  0.069825
-0.1639443865058E+01
-0.7688377874683E+00
    1    1    0  0.073500
-0.8921206112046E-01
-0.4128744729231E+00
    1    1    0  0.077175
-0.1947469187323E-01
-0.1963927700372E+00
    1    1    0  0.080850
-0.6080373746433E-02
-0.1101080221781E+00
    1    1    0  0.084525
-0.1892692050250E-02
-0.6149635613029E-01
    1    1    0  0.088200
-0.3797657168441E-03
-0.2755698117879E-01
    1    1    0  0.091875
-0.6165957121064E-06
 0.1110491352520E-02
    1    1    0  0.095550
-0.5156159320227E-03
 0.3210865933445E-01
    1    1    0  0.099225
-0.3744137438836E-02
 0.8645378136618E-01
    1    1    0  0.102900
-0.1850093117995E+01
 0.5266324057032E+00
    1    1    0  0.106575
-0.6088326884808E-03
-0.3488975063997E-01
    1    1    0  0.110250
-0.5281325933842E-03
 0.3249594225026E-01
    1    1    0  0.113925
-0.5553482571481E-02
 0.1052431659268E+00
    1    1    0  0.117600
-0.3401194165218E+00
 0.7513704915343E+00
    1    1    0  0.121275
-0.7979932884932E-02
-0.1260800794774E+00
    1    1    0  0.124950
-0.6339676669889E-03
-0.3560243557645E-01
    1    1    0  0.128625
-0.3821927215780E-06
 0.8742913113401E-03
    1    1    0  0.132300
-0.4148823492357E-03
 0.2880264868216E-01
    1    1    0  0.135975
-0.2120971215532E-02
 0.6509565202198E-01
    1    1    0  0.139650
-0.2746584278761E-01
 0.2327602050506E+00
    1    1    0  0.143325
-0.9370778211892E-04
-0.1368965971416E-01
    1    1    0  0.147000
-0.3471138217866E-02
-0.8324798877573E-01
    1    1    0  0.150675
-0.1012481563582E-02
 0.4498819854415E-01
    1    1    0  0.154350
-0.1443414538565E-02
-0.5370982807271E-01
    1    1    0  0.158025
-0.9157013816630E-03
 0.4278509383308E-01
    1    1    0  0.161700
-0.1533370340413E-04
-0.5537794839627E-02
    1    1    0  0.165375
-0.1296875846892E+01
-0.9549160861209E+00
    1    1    0  0.169050
-0.7345014042902E-03
-0.3832053387242E-01
    1    1    0  0.172725
-0.3398576672472E-01
-0.2584888800501E+00
    1    1    0  0.176400
-0.5065935047320E-02
 0.1005296294469E+00
    1    1    0  0.180075
-0.7828875215992E-02
 0.1248857843985E+00
    4    4    0  0.183750
-0.3847997381978E-01 0.2792086575195E-01 0.3482500127311E-02-0.9948308703970E-05
 0.2792086575195E-01-0.4197719065307E-01-0.1236523533933E-01 0.3339037109989E-05
 0.3482500127311E-02-0.1236523533933E-01-0.5471069717478E-02-0.9542756912311E-06
-0.9948308703970E-05 0.3339037109989E-05-0.9542756912311E-06-0.2341680812535E-03
 0.7352740304948E-01-0.2420532510178E+00-0.1033996189262E+00-0.9075542433162E-05
-0.2420532510178E+00 0.1504313222385E+00-0.6360768979979E-02-0.6745207268486E-04
-0.1033996189262E+00-0.6360768979979E-02 0.3903615364059E-02-0.3448259765279E-04
-0.9075542433162E-05-0.6745207268486E-04-0.3448259765279E-04-0.2163967179952E-01
    4    4    0  0.187425
-0.3226283746419E-01 0.2194045527849E-01 0.1770433541312E-02-0.1018440946549E-04
 0.2194045527849E-01-0.3722035229908E-01-0.1121339949378E-01 0.3003907874339E-04
 0.1770433541312E-02-0.1121339949378E-01-0.5350448042536E-02 0.1154403520942E-04
-0.1018440946549E-04 0.3003907874339E-04 0.1154403520942E-04-0.2319182701722E-03
 0.4391466334338E-01-0.2249363428054E+00-0.1023491992549E+00 0.2270931179104E-03
-0.2249363428054E+00 0.1476413590180E+00-0.7341140933731E-02-0.6005791934760E-04
-0.1023491992549E+00-0.7341140933731E-02 0.3760704716312E-02-0.7491376629704E-05
 0.2270931179104E-03-0.6005791934760E-04-0.7491376629704E-05-0.2153430706033E-01
    4    4    0  0.191100
-0.3271421814256E-01 0.2323593938798E-01 0.2165495597804E-02-0.1239912414815E-04
 0.2323593938798E-01-0.3786433010564E-01-0.1132347434660E-01 0.5304985819891E-04
 0.2165495597804E-02-0.1132347434660E-01-0.5470089330255E-02 0.2251797281838E-04
-0.1239912414815E-04 0.5304985819891E-04 0.2251797281838E-04-0.2308521698317E-03
 0.5092097690590E-01-0.2247476255837E+00-0.1034842623557E+00 0.4291414755475E-03
-0.2247476255837E+00 0.1518567375724E+00-0.7406290389354E-02-0.5350823634504E-04
-0.1034842623557E+00-0.7406290389354E-02 0.3674223237825E-02 0.1498935626525E-04
 0.4291414755475E-03-0.5350823634504E-04 0.1498935626525E-04-0.2148162753695E-01
    4    4    0  0.194775
-0.3021022932757E-01 0.2088813277062E-01 0.1382565824672E-02-0.1108588143527E-04
 0.2088813277062E-01-0.3612252228294E-01-0.1082112580255E-01 0.2243312831650E-04
 0.1382565824672E-02-0.1082112580255E-01-0.5444790354235E-02 0.7679546405402E-05
-0.1108588143527E-04 0.2243312831650E-04 0.7679546405402E-05-0.2341056043575E-03
 0.3728662200377E-01-0.2168222250638E+00-0.1032830163729E+00 0.1551262202636E-03
-0.2168222250638E+00 0.1526851096426E+00-0.7884826247096E-02-0.7822500457604E-04
-0.1032830163729E+00-0.7884826247096E-02 0.3372586114658E-02-0.1903843178662E-04
 0.1551262202636E-03-0.7822500457604E-04-0.1903843178662E-04-0.2163620050762E-01
    4    4    0  0.198450
-0.3180007433905E-01 0.2349361856454E-01 0.2188207485942E-02-0.1383377450744E-04
 0.2349361856454E-01-0.3780159170449E-01-0.1114790088139E-01 0.5353340834634E-04
 0.2188207485942E-02-0.1114790088139E-01-0.5577129474622E-02 0.2292343088459E-04
-0.1383377450744E-04 0.5353340834634E-04 0.2292343088459E-04-0.2339202056667E-03
 0.5151969595244E-01-0.2201231190034E+00-0.1045155990682E+00 0.4339977898173E-03
-0.2201231190034E+00 0.1580640431669E+00-0.7717574608227E-02-0.6465714652733E-04
-0.1045155990682E+00-0.7717574608227E-02 0.3319419463968E-02 0.1234969030280E-04
 0.4339977898173E-03-0.6465714652733E-04 0.1234969030280E-04-0.2162381610273E-01
    4    4    0  0.202125
-0.3274417889082E-01 0.2491131222186E-01 0.2451909076914E-02-0.1249615332062E-04
 0.2491131222186E-01-0.3924168444434E-01-0.1138715520485E-01-0.3611069254457E-04
 0.2451909076914E-02-0.1138715520485E-01-0.5671968948540E-02-0.2273717710446E-04
-0.1249615332062E-04-0.3611069254457E-04-0.2273717710446E-04-0.2442603326689E-03
 0.5615446984276E-01-0.2225422023267E+00-0.1054090794648E+00-0.4008817263988E-03
-0.2225422023267E+00 0.1631282641699E+00-0.7572081830064E-02-0.1348911840242E-03
-0.1054090794648E+00-0.7572081830064E-02 0.2769289176807E-02-0.8698939864544E-04
-0.4008817263988E-03-0.1348911840242E-03-0.8698939864544E-04-0.2209689019222E-01
   10   10    0  0.205800
-0.3960097476659E-01 0.2631282342531E-01 0.2234500882137E-02-0.8467859996434E-04
 0.4712583405743E-01-0.1079816575043E-02 0.3908773586607E-03 0.4717113810636E-01
 0.3528497525150E-03 0.1262555174163E-02 0.2631282342531E-01-0.3851076827468E-01
-0.1086337932519E-01 0.1551992012872E-04-0.1262543470962E-01 0.8812998604411E-03
-0.3585756921109E-03-0.1353809926049E-01-0.1286566789386E-02-0.3381520910508E-02
 0.2234500882137E-02-0.1086337932519E-01-0.5597471420719E-02-0.2031953319021E-05
 0.8322036585642E-03 0.2370905522875E-03-0.1019762150104E-03-0.2760571544995E-03
-0.5984271174474E-03-0.1543076938430E-02-0.8467859996434E-04 0.1551992012872E-04
-0.2031953319021E-05-0.2741697589702E-03-0.1516334828225E-04-0.3537361037835E-04
-0.1576783283758E-04 0.2964964383106E-05 0.1626171613734E-04-0.3427210166241E-04
 0.4712583405743E-01-0.1262543470962E-01 0.8322036585642E-03-0.1516334828225E-04
-0.5847331228058E+00 0.2593096609465E-03-0.2920320863556E-02-0.8465549675660E-02
-0.5709869330486E-03-0.1089745386550E-02-0.1079816575043E-02 0.8812998604410E-03
 0.2370905522875E-03-0.3537361037835E-04 0.2593096609465E-03-0.1403775058672E-03
-0.4592530893346E-04 0.2908270116994E-02 0.2119536537658E-04 0.7248147728948E-04
 0.3908773586607E-03-0.3585756921109E-03-0.1019762150104E-03-0.1576783283758E-04
-0.2920320863556E-02-0.4592530893346E-04-0.3184627771714E-03-0.1244441748147E-02
 0.2848322238430E-04-0.1267032849751E-04 0.4717113810636E-01-0.1353809926049E-01
-0.2760571544995E-03 0.2964964383106E-05-0.8465549675660E-02 0.2908270116994E-02
-0.1244441748147E-02-0.5826305390659E+00-0.2308467022146E-02 0.1376853293559E-02
 0.3528497525150E-03-0.1286566789386E-02-0.5984271174474E-03 0.1626171613734E-04
-0.5709869330486E-03 0.2119536537658E-04 0.2848322238430E-04-0.2308467022146E-02
-0.3681202306137E-03-0.9528466928109E-04 0.1262555174163E-02-0.3381520910508E-02
-0.1543076938430E-02-0.3427210166241E-04-0.1089745386550E-02 0.7248147728948E-04
-0.1267032849751E-04 0.1376853293559E-02-0.9528466928109E-04-0.5425491210937E-03
 0.3901248684117E-01-0.2098033174029E+00-0.1035736659288E+00 0.1294018850180E-03
 0.8686883580635E-01 0.3999847206802E-02-0.4783923381874E-03 0.8777965954459E-01
-0.9747839142338E-02-0.2928670748924E-01-0.2098033174029E+00 0.1606004696717E+00
-0.8554965414103E-02-0.9197863821082E-04-0.4626651174049E-01-0.3237856149855E-02
 0.1209169540556E-02-0.4831218585347E-01 0.4523715096860E-03 0.1206570411002E-02
-0.1035736659288E+00-0.8554965414103E-02 0.2685733535550E-02-0.2200682599182E-04
-0.7994341957903E-02-0.4885570735962E-02-0.3917624203753E-02-0.9835652253137E-02
-0.5062815252079E-02 0.1904460463399E-02 0.1294018850180E-03-0.9197863821082E-04
-0.2200682599182E-04-0.2203379800385E-01 0.1115288279945E-04-0.5582185523819E-02
 0.3422948071697E-05-0.9776174756462E-05-0.2604081941448E-05-0.5619499834795E-02
 0.8686883580635E-01-0.4626651174049E-01-0.7994341957903E-02 0.1115288279945E-04
-0.9029317099446E+00 0.9767911011619E-03-0.4534046298453E-02 0.2944401480351E-02
-0.1782659644937E-02-0.4580523016797E-02 0.3999847206802E-02-0.3237856149855E-02
-0.4885570735962E-02-0.5582185523819E-02 0.9767911011619E-03 0.9407534205553E-02
-0.8142805639846E-02 0.5202274967830E-02-0.2418437501942E-02 0.1279255452241E-03
-0.4783923381874E-03 0.1209169540556E-02-0.3917624203753E-02 0.3422948071697E-05
-0.4534046298453E-02-0.8142805639846E-02-0.2241553456164E-01-0.2000832556510E-02
 0.3191673809750E-02 0.2429862764773E-02 0.8777965954459E-01-0.4831218585347E-01
-0.9835652253137E-02-0.9776174756462E-05 0.2944401480351E-02 0.5202274967830E-02
-0.2000832556510E-02-0.9017258247033E+00-0.4425233160388E-02-0.7108522835933E-03
-0.9747839142338E-02 0.4523715096860E-03-0.5062815252079E-02-0.2604081941448E-05
-0.1782659644937E-02-0.2418437501942E-02 0.3191673809750E-02-0.4425233160388E-02
-0.2246621102723E-01 0.7994841458092E-02-0.2928670748924E-01 0.1206570411002E-02
 0.1904460463399E-02-0.5619499834795E-02-0.4580523016797E-02 0.1279255452241E-03
 0.2429862764773E-02-0.7108522835933E-03 0.7994841458092E-02 0.8977624593079E-02
   10   10    0  0.209475
-0.3925909242062E-01 0.2652277201214E-01 0.2265786255852E-02-0.8976243818177E-04
 0.4743137497897E-01-0.1102763689585E-02 0.4001132549630E-03 0.4705578705902E-01
 0.3564784439836E-03 0.1285581133327E-02 0.2652277201214E-01-0.3865229025095E-01
-0.1076156735056E-01 0.1537423076725E-04-0.1274103589371E-01 0.9030315010502E-03
-0.3725138716381E-03-0.1374393424209E-01-0.1290600563892E-02-0.3374322439506E-02
 0.2265786255852E-02-0.1076156735056E-01-0.5597158337775E-02-0.2556894959158E-05
 0.7918842403017E-03 0.2458212143845E-03-0.1084327188857E-03-0.3641007125143E-03
-0.6063120740889E-03-0.1554024197338E-02-0.8976243818177E-04 0.1537423076725E-04
-0.2556894959158E-05-0.2822932719899E-03-0.1609259405710E-04-0.3778255053871E-04
-0.1631050079762E-04 0.3847440127747E-05 0.1675687461865E-04-0.3675939725544E-04
 0.4743137497897E-01-0.1274103589371E-01 0.7918842403017E-03-0.1609259405710E-04
-0.5887522704073E+00 0.3121443540082E-03-0.3122034899506E-02-0.8478189661893E-02
-0.5974704549966E-03-0.1138962195186E-02-0.1102763689585E-02 0.9030315010502E-03
 0.2458212143845E-03-0.3778255053871E-04 0.3121443540082E-03-0.1460836373752E-03
-0.4574068915833E-04 0.2987618715820E-02 0.2198898241882E-04 0.7542559879187E-04
 0.4001132549630E-03-0.3725138716381E-03-0.1084327188857E-03-0.1631050079762E-04
-0.3122034899506E-02-0.4574068915833E-04-0.3241193562502E-03-0.1281931431110E-02
 0.3002408909973E-04-0.1305240293811E-04 0.4705578705902E-01-0.1374393424209E-01
-0.3641007125143E-03 0.3847440127747E-05-0.8478189661893E-02 0.2987618715820E-02
-0.1281931431110E-02-0.5865714725205E+00-0.2504787260054E-02 0.1335959112679E-02
 0.3564784439836E-03-0.1290600563892E-02-0.6063120740889E-03 0.1675687461865E-04
-0.5974704549966E-03 0.2198898241882E-04 0.3002408909973E-04-0.2504787260054E-02
-0.3741552035225E-03-0.9675003926978E-04 0.1285581133327E-02-0.3374322439506E-02
-0.1554024197338E-02-0.3675939725544E-04-0.1138962195186E-02 0.7542559879187E-04
-0.1305240293811E-04 0.1335959112679E-02-0.9675003926978E-04-0.5524010668639E-03
 0.3974489389311E-01-0.2082115735778E+00-0.1035340019974E+00 0.1297099894331E-03
 0.8696834287683E-01 0.4162937811805E-02-0.5019516561496E-03 0.8719474976332E-01
-0.9788046799518E-02-0.2950158553307E-01-0.2082115735778E+00 0.1634307557995E+00
-0.8631961453379E-02-0.9769711339325E-04-0.4628636302913E-01-0.3206642279194E-02
 0.1194542083083E-02-0.4831598082687E-01 0.3999673545493E-03 0.1074158844998E-02
-0.1035340019974E+00-0.8631961453379E-02 0.2461973912296E-02-0.2290279708278E-04
-0.8041956574255E-02-0.5107905237263E-02-0.4182615802145E-02-0.9869827162809E-02
-0.5325687374884E-02 0.2128917154419E-02 0.1297099894331E-03-0.9769711339325E-04
-0.2290279708278E-04-0.2222420440376E-01 0.1104668645184E-04-0.5921382714766E-02
 0.3137045436870E-05-0.1038089687915E-04-0.2263650209733E-05-0.5957330071129E-02
 0.8696834287683E-01-0.4628636302913E-01-0.8041956574255E-02 0.1104668645184E-04
-0.9047377842073E+00 0.1074502672246E-02-0.4819709647359E-02 0.2956635112576E-02
-0.1818463624262E-02-0.4663229782885E-02 0.4162937811805E-02-0.3206642279194E-02
-0.5107905237263E-02-0.5921382714766E-02 0.1074502672246E-02 0.9466220207666E-02
-0.8156513332573E-02 0.5318779237127E-02-0.2577509625389E-02 0.1712493778141E-03
-0.5019516561496E-03 0.1194542083083E-02-0.4182615802145E-02 0.3137045436870E-05
-0.4819709647359E-02-0.8156513332573E-02-0.2247089907471E-01-0.2048630323128E-02
 0.3413672398150E-02 0.2589658584626E-02 0.8719474976332E-01-0.4831598082687E-01
-0.9869827162809E-02-0.1038089687915E-04 0.2956635112576E-02 0.5318779237127E-02
-0.2048630323128E-02-0.9035952522004E+00-0.4699434561549E-02-0.7779063189727E-03
-0.9788046799518E-02 0.3999673545493E-03-0.5325687374884E-02-0.2263650209733E-05
-0.1818463624262E-02-0.2577509625389E-02 0.3413672398150E-02-0.4699434561549E-02
-0.2252371418937E-01 0.8002088545766E-02-0.2950158553307E-01 0.1074158844998E-02
 0.2128917154419E-02-0.5957330071129E-02-0.4663229782885E-02 0.1712493778141E-03
 0.2589658584626E-02-0.7779063189727E-03 0.8002088545766E-02 0.9016943310825E-02
   10   10    0  0.213150
-0.3893406462662E-01 0.2672936315386E-01 0.2292740956846E-02-0.9462358910349E-04
 0.4772854077440E-01-0.1124454116805E-02 0.4096621026777E-03 0.4695741404802E-01
 0.3600484238996E-03 0.1306070374478E-02 0.2672936315386E-01-0.3881551733367E-01
-0.1065390211629E-01 0.1517012920197E-04-0.1285247339002E-01 0.9235591288000E-03
-0.3862199743901E-03-0.1394115807800E-01-0.1292698238019E-02-0.3361172400366E-02
 0.2292740956846E-02-0.1065390211629E-01-0.5582801794541E-02-0.3087986552863E-05
 0.7485932960871E-03 0.2540303824381E-03-0.1151413528542E-03-0.4510508163477E-03
-0.6126396323003E-03-0.1559563702732E-02-0.9462358910349E-04 0.1517012920197E-04
-0.3087986552863E-05-0.2912957372646E-03-0.1696827168008E-04-0.4036863410128E-04
-0.1682646311044E-04 0.4739753268523E-05 0.1722013288612E-04-0.3943794069002E-04
 0.4772854077440E-01-0.1285247339002E-01 0.7485932960871E-03-0.1696827168008E-04
-0.5927168029182E+00 0.3682476390116E-03-0.3329208130643E-02-0.8486808396299E-02
-0.6235400894816E-03-0.1187483358033E-02-0.1124454116805E-02 0.9235591288000E-03
 0.2540303824381E-03-0.4036863410128E-04 0.3682476390116E-03-0.1518242151499E-03
-0.4588235305312E-04 0.3062310416072E-02 0.2265548812513E-04 0.7827598756579E-04
 0.4096621026777E-03-0.3862199743901E-03-0.1151413528542E-03-0.1682646311044E-04
-0.3329208130643E-02-0.4588235305312E-04-0.3312842875306E-03-0.1317547549136E-02
 0.3166657339054E-04-0.1332042658254E-04 0.4695741404802E-01-0.1394115807800E-01
-0.4510508163477E-03 0.4739753268523E-05-0.8486808396299E-02 0.3062310416072E-02
-0.1317547549136E-02-0.5904599323788E+00-0.2707697483960E-02 0.1288641129693E-02
 0.3600484238996E-03-0.1292698238019E-02-0.6126396323003E-03 0.1722013288612E-04
-0.6235400894816E-03 0.2265548812513E-04 0.3166657339054E-04-0.2707697483960E-02
-0.3814672096539E-03-0.9724771005141E-04 0.1306070374478E-02-0.3361172400366E-02
-0.1559563702732E-02-0.3943794069002E-04-0.1187483358033E-02 0.7827598756579E-04
-0.1332042658254E-04 0.1288641129693E-02-0.9724771005141E-04-0.5604931038613E-03
 0.4044374036320E-01-0.2067485706571E+00-0.1033603567777E+00 0.1296913012480E-03
 0.8706003099765E-01 0.4325266967160E-02-0.5264296299289E-03 0.8665027452118E-01
-0.9806387599897E-02-0.2965377267272E-01-0.2067485706571E+00 0.1661624790193E+00
-0.8690689155574E-02-0.1031802260301E-03-0.4630793153958E-01-0.3166714183142E-02
 0.1176746364521E-02-0.4832803097864E-01 0.3458116935246E-03 0.9369123239604E-03
-0.1033603567777E+00-0.8690689155574E-02 0.2228053552320E-02-0.2378045033045E-04
-0.8081305439262E-02-0.5329534521387E-02-0.4447525101259E-02-0.9894812988414E-02
-0.5586254945853E-02 0.2358540901302E-02 0.1296913012480E-03-0.1031802260301E-03
-0.2378045033045E-04-0.2244211667593E-01 0.1090370898432E-04-0.6260302675554E-02
 0.2831406019980E-05-0.1094839038671E-04-0.1909035465586E-05-0.6294845557661E-02
 0.8706003099765E-01-0.4630793153958E-01-0.8081305439262E-02 0.1090370898432E-04
-0.9064988667802E+00 0.1176221176925E-02-0.5110923330214E-02 0.2972291172024E-02
-0.1851336561261E-02-0.4738073750961E-02 0.4325266967160E-02-0.3166714183142E-02
-0.5329534521387E-02-0.6260302675554E-02 0.1176221176925E-02 0.9504361084672E-02
-0.8178177230824E-02 0.5426729060389E-02-0.2737522515050E-02 0.2145827174437E-03
-0.5264296299289E-03 0.1176746364521E-02-0.4447525101259E-02 0.2831406019980E-05
-0.5110923330214E-02-0.8178177230824E-02-0.2257623313211E-01-0.2093244253537E-02
 0.3636820117899E-02 0.2750372733883E-02 0.8665027452118E-01-0.4832803097864E-01
-0.9894812988414E-02-0.1094839038671E-04 0.2972291172024E-02 0.5426729060389E-02
-0.2093244253537E-02-0.9054144273096E+00-0.4979413649388E-02-0.8495256779371E-03
-0.9806387599897E-02 0.3458116935246E-03-0.5586254945853E-02-0.1909035465586E-05
-0.1851336561261E-02-0.2737522515050E-02 0.3636820117899E-02-0.4979413649388E-02
-0.2263100905030E-01 0.8017794835401E-02-0.2965377267272E-01 0.9369123239604E-03
 0.2358540901302E-02-0.6294845557661E-02-0.4738073750961E-02 0.2145827174437E-03
 0.2750372733883E-02-0.8495256779371E-03 0.8017794835401E-02 0.9037144788012E-02
   10   10    0  0.216825
-0.3862498827245E-01 0.2693286119297E-01 0.2315581953670E-02-0.9923863283877E-04
 0.4801738315768E-01-0.1144793780043E-02 0.4193309911061E-03 0.4687593877653E-01
 0.3634110923137E-03 0.1323920141356E-02 0.2693286119297E-01-0.3899765946751E-01
-0.1054149816388E-01 0.1491048149208E-04-0.1295986109172E-01 0.9428637793244E-03
-0.3995539114977E-03-0.1413001441146E-01-0.1292932614798E-02-0.3342659218010E-02
 0.2315581953670E-02-0.1054149816388E-01-0.5555699807948E-02-0.3620187818150E-05
 0.7025159571661E-03 0.2616858574950E-03-0.1220583016563E-03-0.5366400924083E-03
-0.6175086499840E-03-0.1560079144165E-02-0.9923863283877E-04 0.1491048149208E-04
-0.3620187818150E-05-0.3011505592005E-03-0.1779609482326E-04-0.4315476842663E-04
-0.1730902005208E-04 0.5645887383054E-05 0.1764540756694E-04-0.4232902690749E-04
 0.4801738315768E-01-0.1295986109172E-01 0.7025159571661E-03-0.1779609482326E-04
-0.5966249007029E+00 0.4258567412517E-03-0.3539082961813E-02-0.8491407962981E-02
-0.6492126738091E-03-0.1235321322352E-02-0.1144793780043E-02 0.9428637793244E-03
 0.2616858574950E-03-0.4315476842663E-04 0.4258567412517E-03-0.1575443056854E-03
-0.4631194341319E-04 0.3132531344510E-02 0.2316621638560E-04 0.8101235537856E-04
 0.4193309911061E-03-0.3995539114977E-03-0.1220583016563E-03-0.1730902005208E-04
-0.3539082961813E-02-0.4631194341319E-04-0.3397055945073E-03-0.1351371274502E-02
 0.3342142423647E-04-0.1344509980622E-04 0.4687593877653E-01-0.1413001441146E-01
-0.5366400924083E-03 0.5645887383054E-05-0.8491407962981E-02 0.3132531344510E-02
-0.1351371274502E-02-0.5942941824540E+00-0.2914353096811E-02 0.1236912063948E-02
 0.3634110923137E-03-0.1292932614798E-02-0.6175086499840E-03 0.1764540756694E-04
-0.6492126738091E-03 0.2316621638560E-04 0.3342142423647E-04-0.2914353096811E-02
-0.3898196109021E-03-0.9686048999453E-04 0.1323920141356E-02-0.3342659218010E-02
-0.1560079144165E-02-0.4232902690749E-04-0.1235321322352E-02 0.8101235537856E-04
-0.1344509980622E-04 0.1236912063948E-02-0.9686048999453E-04-0.5668993708151E-03
 0.4110994058394E-01-0.2054070305148E+00-0.1030642427163E+00 0.1293723007942E-03
 0.8714410051591E-01 0.4486766125637E-02-0.5515472587854E-03 0.8614529115682E-01
-0.9804345132987E-02-0.2974804087379E-01-0.2054070305148E+00 0.1687968397265E+00
-0.8731940233365E-02-0.1084066577774E-03-0.4633091426133E-01-0.3118835588897E-02
 0.1156020180041E-02-0.4834744656313E-01 0.2902146263713E-03 0.7958132248638E-03
-0.1030642427163E+00-0.8731940233365E-02 0.1984604254816E-02-0.2463651205437E-04
-0.8113177256290E-02-0.5550252746546E-02-0.4711854351712E-02-0.9911467834695E-02
-0.5844178125228E-02 0.2592748263325E-02 0.1293723007942E-03-0.1084066577774E-03
-0.2463651205437E-04-0.2268592757903E-01 0.1072651614612E-04-0.6598370173642E-02
 0.2509187535836E-05-0.1147559389570E-04-0.1543937597265E-05-0.6631483901581E-02
 0.8714410051591E-01-0.4633091426133E-01-0.8113177256290E-02 0.1072651614612E-04
-0.9082151526283E+00 0.1279128121444E-02-0.5403493286093E-02 0.2991209320458E-02
-0.1881499762854E-02-0.4805620854424E-02 0.4486766125637E-02-0.3118835588897E-02
-0.5550252746546E-02-0.6598370173643E-02 0.1279128121444E-02 0.9519717244606E-02
-0.8204787540536E-02 0.5526584453021E-02-0.2898139111056E-02 0.2578437566198E-03
-0.5515472587854E-03 0.1156020180041E-02-0.4711854351712E-02 0.2509187535836E-05
-0.5403493286093E-02-0.8204787540536E-02-0.2272205508248E-01-0.2134860683856E-02
 0.3860655320933E-02 0.2911672120014E-02 0.8614529115682E-01-0.4834744656313E-01
-0.9911467834695E-02-0.1147559389570E-04 0.2991209320458E-02 0.5526584453021E-02
-0.2134860683856E-02-0.9071837861653E+00-0.5261011197359E-02-0.9230150276800E-03
-0.9804345132987E-02 0.2902146263713E-03-0.5844178125228E-02-0.1543937597265E-05
-0.1881499762854E-02-0.2898139111056E-02 0.3860655320933E-02-0.5261011197359E-02
-0.2277860571714E-01 0.8038971847112E-02-0.2974804087379E-01 0.7958132248638E-03
 0.2592748263325E-02-0.6631483901581E-02-0.4805620854424E-02 0.2578437566198E-03
 0.2911672120014E-02-0.9230150276800E-03 0.8038971847112E-02 0.9036038139986E-02
   10   10    0  0.220500
-0.3833106199268E-01 0.2713347118922E-01 0.2334565599839E-02-0.1035875446982E-03
 0.4829809723121E-01-0.1163776323470E-02 0.4290553569885E-03 0.4681130486517E-01
 0.3665501966604E-03 0.1339152888041E-02 0.2713347118922E-01-0.3919612226041E-01
-0.1042535403261E-01 0.1459844114687E-04-0.1306338395674E-01 0.9609795065222E-03
-0.4124518418311E-03-0.1431081298337E-01-0.1291434844954E-02-0.3319366828406E-02
 0.2334565599839E-02-0.1042535403261E-01-0.5517141053835E-02-0.4148627972527E-05
 0.6538260630410E-03 0.2687687710366E-03-0.1291623151537E-03-0.6206660625849E-03
-0.6210449618667E-03-0.1555968646081E-02-0.1035875446982E-03 0.1459844114687E-04
-0.4148627972527E-05-0.3118318898957E-03-0.1857760584057E-04-0.4616018925829E-04
-0.1775482240702E-04 0.6565188608685E-05 0.1803003425841E-04-0.4545016164944E-04
 0.4829809723121E-01-0.1306338395674E-01 0.6538260630410E-03-0.1857760584057E-04
-0.6004777134041E+00 0.4841319453348E-03-0.3750345386025E-02-0.8492003247840E-02
-0.6744995627126E-03-0.1282489379755E-02-0.1163776323470E-02 0.9609795065222E-03
 0.2687687710366E-03-0.4616018925829E-04 0.4841319453348E-03-0.1632146871261E-03
-0.4700991757748E-04 0.3198467329071E-02 0.2350131768838E-04 0.8362803255781E-04
 0.4290553569885E-03-0.4124518418311E-03-0.1291623151537E-03-0.1775482240702E-04
-0.3750345386025E-02-0.4700991757748E-04-0.3492594517507E-03-0.1383477476771E-02
 0.3530217457680E-04-0.1340546528510E-04 0.4681130486517E-01-0.1431081298337E-01
-0.6206660625849E-03 0.6565188608685E-05-0.8492003247840E-02 0.3198467329071E-02
-0.1383477476771E-02-0.5980754438598E+00-0.3123358186152E-02 0.1181842536034E-02
 0.3665501966604E-03-0.1291434844954E-02-0.6210449618667E-03 0.1803003425841E-04
-0.6744995627126E-03 0.2350131768838E-04 0.3530217457680E-04-0.3123358186152E-02
-0.3991045582364E-03-0.9565407041159E-04 0.1339152888041E-02-0.3319366828406E-02
-0.1555968646081E-02-0.4545016164944E-04-0.1282489379755E-02 0.8362803255781E-04
-0.1340546528510E-04 0.1181842536034E-02-0.9565407041159E-04-0.5717239762741E-03
 0.4174445315713E-01-0.2041796915177E+00-0.1026567712234E+00 0.1287807267356E-03
 0.8722069048671E-01 0.4647416437485E-02-0.5771147980779E-03 0.8567870605093E-01
-0.9783423434272E-02-0.2978901439623E-01-0.2041796915177E+00 0.1713353852791E+00
-0.8756386253127E-02-0.1133571723999E-03-0.4635500044027E-01-0.3063744784692E-02
 0.1132613240582E-02-0.4837335511911E-01 0.2334913057538E-03 0.6517926789904E-03
-0.1026567712234E+00-0.8756386253127E-02 0.1732330094684E-02-0.2546743144515E-04
-0.8138332485141E-02-0.5769850489405E-02-0.4975140389994E-02-0.9920610777298E-02
-0.6099145816827E-02 0.2830958781923E-02 0.1287807267356E-03-0.1133571723999E-03
-0.2546743144515E-04-0.2295408707438E-01 0.1051783604633E-04-0.6935041840217E-02
 0.2173585780935E-05-0.1195997152668E-04-0.1171975153037E-05-0.6966713250287E-02
 0.8722069048671E-01-0.4635500044027E-01-0.8138332485141E-02 0.1051783604633E-04
-0.9098881366898E+00 0.1381913761588E-02-0.5695451363993E-02 0.3013259389265E-02
-0.1909153911661E-02-0.4866409182907E-02 0.4647416437485E-02-0.3063744784692E-02
-0.5769850489405E-02-0.6935041840217E-02 0.1381913761588E-02 0.9511289975706E-02
-0.8234792230277E-02 0.5618783474584E-02-0.3059046419431E-02 0.3009449690733E-03
-0.5771147980779E-03 0.1132613240582E-02-0.4975140389994E-02 0.2173585780935E-05
-0.5695451363993E-02-0.8234792230277E-02-0.2290350203591E-01-0.2173646354062E-02
 0.4084743558028E-02 0.3073245475610E-02 0.8567870605093E-01-0.4837335511911E-01
-0.9920610777298E-02-0.1195997152668E-04 0.3013259389265E-02 0.5618783474584E-02
-0.2173646354062E-02-0.9089050722918E+00-0.5542293333925E-02-0.9971766635029E-03
-0.9783423434272E-02 0.2334913057538E-03-0.6099145816827E-02-0.1171975153037E-05
-0.1909153911661E-02-0.3059046419431E-02 0.4084743558028E-02-0.5542293333925E-02
-0.2296163695292E-01 0.8064078305507E-02-0.2978901439623E-01 0.6517926789904E-03
 0.2830958781923E-02-0.6966713250287E-02-0.4866409182907E-02 0.3009449690733E-03
 0.3073245475610E-02-0.9971766635029E-03 0.8064078305507E-02 0.9012652325714E-02
   10   10    0  0.224175
-0.3805156601269E-01 0.2733134516096E-01 0.2349978344762E-02-0.1076536854501E-03
 0.4857092996878E-01-0.1181427442246E-02 0.4388162888927E-03 0.4676341774856E-01
 0.3694982033557E-03 0.1351845636692E-02 0.2733134516096E-01-0.3940850726474E-01
-0.1030636486135E-01 0.1423742430258E-04-0.1316325175438E-01 0.9779612740718E-03
-0.4248818912787E-03-0.1448387921239E-01-0.1288350593112E-02-0.3291849612658E-02
 0.2349978344762E-02-0.1030636486135E-01-0.5468392553045E-02-0.4668680008237E-05
 0.6026930537061E-03 0.2752683010860E-03-0.1364404839146E-03-0.7029747048274E-03
-0.6233832761098E-03-0.1547635154147E-02-0.1076536854501E-03 0.1423742430258E-04
-0.4668680008237E-05-0.3233135567358E-03-0.1931306085384E-04-0.4940149247453E-04
-0.1816195724463E-04 0.7495324699209E-05 0.1837282244436E-04-0.4881614947694E-04
 0.4857092996878E-01-0.1316325175438E-01 0.6026930537061E-03-0.1931306085384E-04
-0.6042775209094E+00 0.5425959154881E-03-0.3962246389632E-02-0.8488620093441E-02
-0.6994102957780E-03-0.1329001822598E-02-0.1181427442246E-02 0.9779612740718E-03
 0.2752683010860E-03-0.4940149247453E-04 0.5425959154881E-03-0.1688182882386E-03
-0.4796297756375E-04 0.3260303581375E-02 0.2364556018827E-04 0.8612222326742E-04
 0.4388162888927E-03-0.4248818912787E-03-0.1364404839146E-03-0.1816195724463E-04
-0.3962246389632E-02-0.4796297756375E-04-0.3598683196437E-03-0.1413938341047E-02
 0.3732210264553E-04-0.1318513172156E-04 0.4676341774856E-01-0.1448387921239E-01
-0.7029747048274E-03 0.7495324699209E-05-0.8488620093441E-02 0.3260303581375E-02
-0.1413938341047E-02-0.6018060596511E+00-0.3333887546679E-02 0.1124123342126E-02
 0.3694982033557E-03-0.1288350593112E-02-0.6233832761098E-03 0.1837282244436E-04
-0.6994102957780E-03 0.2364556018827E-04 0.3732210264553E-04-0.3333887546679E-02
-0.4092609749960E-03-0.9368902693454E-04 0.1351845636692E-02-0.3291849612658E-02
-0.1547635154147E-02-0.4881614947694E-04-0.1329001822598E-02 0.8612222326742E-04
-0.1318513172156E-04 0.1124123342126E-02-0.9368902693454E-04-0.5750857413638E-03
 0.4234827503021E-01-0.2030593382836E+00-0.1021486555768E+00 0.1279452159378E-03
 0.8728991464575E-01 0.4807217030086E-02-0.6029848860162E-03 0.8524932399640E-01
-0.9745104581915E-02-0.2978115530301E-01-0.2030593382836E+00 0.1737800124529E+00
-0.8764609580011E-02-0.1180145363288E-03-0.4637988117776E-01-0.3002148712353E-02
 0.1106774805649E-02-0.4840491137008E-01 0.1759493184650E-03 0.5057272446615E-03
-0.1021486555768E+00-0.8764609580011E-02 0.1471993734224E-02-0.2626942572732E-04
-0.8157501579392E-02-0.5988119681315E-02-0.5236952110375E-02-0.9923024328481E-02
-0.6350875967335E-02 0.3072595489171E-02 0.1279452159378E-03-0.1180145363288E-03
-0.2626942572732E-04-0.2324506473562E-01 0.1028051920617E-04-0.7269806414008E-02
 0.1827763288742E-05-0.1239950006632E-04-0.7966249768643E-06-0.7300032679327E-02
 0.8728991464575E-01-0.4637988117776E-01-0.8157501579392E-02 0.1028051920617E-04
-0.9115197508573E+00 0.1483859619294E-02-0.5985701826719E-02 0.3038318665234E-02
-0.1934487590640E-02-0.4920954306677E-02 0.4807217030086E-02-0.3002148712353E-02
-0.5988119681315E-02-0.7269806414008E-02 0.1483859619294E-02 0.9478687992646E-02
-0.8267232928597E-02 0.5703747580007E-02-0.3219950706489E-02 0.3438000568405E-03
-0.6029848860162E-03 0.1106774805649E-02-0.5236952110375E-02 0.1827763288742E-05
-0.5985701826719E-02-0.8267232928597E-02-0.2311733103239E-01-0.2209757729928E-02
 0.4308675481529E-02 0.3234800180306E-02 0.8524932399640E-01-0.4840491137008E-01
-0.9923024328481E-02-0.1239950006632E-04 0.3038318665234E-02 0.5703747580007E-02
-0.2209757729928E-02-0.9105804662226E+00-0.5822195934289E-02-0.1071392473370E-02
-0.9745104581915E-02 0.1759493184650E-03-0.6350875967335E-02-0.7966249768643E-06
-0.1934487590640E-02-0.3219950706489E-02 0.4308675481529E-02-0.5822195934289E-02
-0.2317685811396E-01 0.8092159785405E-02-0.2978115530301E-01 0.5057272446615E-03
 0.3072595489171E-02-0.7300032679327E-02-0.4920954306677E-02 0.3438000568405E-03
 0.3234800180306E-02-0.1071392473370E-02 0.8092159785405E-02 0.8966606280852E-02
   10   10    0  0.227850
-0.3778584649504E-01 0.2752658931764E-01 0.2362129400529E-02-0.1114237372426E-03
 0.4883615481246E-01-0.1197788009233E-02 0.4486147530703E-03 0.4673213202267E-01
 0.3723089917464E-03 0.1362107144452E-02 0.2752658931764E-01-0.3963261057076E-01
-0.1018533417351E-01 0.1383108065577E-04-0.1325968444301E-01 0.9938745258832E-03
-0.4368297669211E-03-0.1464953955709E-01-0.1283827172859E-02-0.3260627741007E-02
 0.2362129400529E-02-0.1018533417351E-01-0.5410689133049E-02-0.5176017941230E-05
 0.5492833980716E-03 0.2811799233826E-03-0.1438840109997E-03-0.7834528336548E-03
-0.6246607828394E-03-0.1535480551634E-02-0.1114237372426E-03 0.1383108065577E-04
-0.5176017941230E-05-0.3355683192206E-03-0.2000226852201E-04-0.5289274662111E-04
-0.1852937113642E-04 0.8433182908712E-05 0.1867345798677E-04-0.5243924927882E-04
 0.4883615481246E-01-0.1325968444301E-01 0.5492833980716E-03-0.2000226852201E-04
-0.6080271686545E+00 0.6009563626481E-03-0.4174324804959E-02-0.8481294878522E-02
-0.7239538250591E-03-0.1374873781780E-02-0.1197788009233E-02 0.9938745258832E-03
 0.2811799233826E-03-0.5289274662111E-04 0.6009563626481E-03-0.1743458146774E-03
-0.4916045969776E-04 0.3318224697598E-02 0.2358693223291E-04 0.8849749279165E-04
 0.4486147530703E-03-0.4368297669211E-03-0.1438840109997E-03-0.1852937113642E-04
-0.4174324804959E-02-0.4916045969776E-04-0.3714776986940E-03-0.1442824685135E-02
 0.3949362104548E-04-0.1277101209592E-04 0.4673213202267E-01-0.1464953955709E-01
-0.7834528336548E-03 0.8433182908712E-05-0.8481294878522E-02 0.3318224697598E-02
-0.1442824685135E-02-0.6054889312888E+00-0.3545409400342E-02 0.1064244216163E-02
 0.3723089917464E-03-0.1283827172859E-02-0.6246607828394E-03 0.1867345798677E-04
-0.7239538250591E-03 0.2358693223291E-04 0.3949362104548E-04-0.3545409400342E-02
-0.4202510924771E-03-0.9102377384435E-04 0.1362107144452E-02-0.3260627741007E-02
-0.1535480551634E-02-0.5243924927882E-04-0.1374873781780E-02 0.8849749279165E-04
-0.1277101209592E-04 0.1064244216163E-02-0.9102377384435E-04-0.5771119084103E-03
 0.4292243792706E-01-0.2020388286339E+00-0.1015502126296E+00 0.1268949513132E-03
 0.8735187684676E-01 0.4966176005039E-02-0.6290372588181E-03 0.8485587291393E-01
-0.9690835758736E-02-0.2972876277526E-01-0.2020388286339E+00 0.1761329600123E+00
-0.8757125158661E-02-0.1223634366502E-03-0.4640525477642E-01-0.2934721758636E-02
 0.1078749470951E-02-0.4844130256188E-01 0.1178846853891E-03 0.3584392670087E-03
-0.1015502126296E+00-0.8757125158661E-02 0.1204406650620E-02-0.2703853189331E-04
-0.8171385056001E-02-0.6204856028623E-02-0.5496889330173E-02-0.9919456464307E-02
-0.6599115132473E-02 0.3317086649129E-02 0.1268949513132E-03-0.1223634366502E-03
-0.2703853189331E-04-0.2355732724215E-01 0.1001750195509E-04-0.7602184672720E-02
 0.1474808602237E-05-0.1279264713631E-04-0.4211872786789E-06-0.7630972223439E-02
 0.8735187684676E-01-0.4640525477642E-01-0.8171385056001E-02 0.1001750195509E-04
-0.9131120982021E+00 0.1584547277985E-02-0.6273591368726E-02 0.3066265800990E-02
-0.1957680123996E-02-0.4969751242071E-02 0.4966176005039E-02-0.2934721758636E-02
-0.6204856028623E-02-0.7602184672720E-02 0.1584547277985E-02 0.9421916834419E-02
-0.8301466377973E-02 0.5781884102308E-02-0.3380575804424E-02 0.3863266654137E-03
-0.6290372588181E-03 0.1078749470951E-02-0.5496889330173E-02 0.1474808602237E-05
-0.6273591368726E-02-0.8301466377973E-02-0.2336108922890E-01-0.2243344112149E-02
 0.4532065997003E-02 0.3396060900971E-02 0.8485587291393E-01-0.4844130256188E-01
-0.9919456464307E-02-0.1279264713631E-04 0.3066265800990E-02 0.5781884102308E-02
-0.2243344112149E-02-0.9122123173437E+00-0.6100094320141E-02-0.1145333501784E-02
-0.9690835758736E-02 0.1178846853891E-03-0.6599115132473E-02-0.4211872786789E-06
-0.1957680123996E-02-0.3380575804424E-02 0.4532065997003E-02-0.6100094320141E-02
-0.2342181683459E-01 0.8122571231811E-02-0.2972876277526E-01 0.3584392670087E-03
 0.3317086649129E-02-0.7630972223439E-02-0.4969751242071E-02 0.3863266654137E-03
 0.3396060900971E-02-0.1145333501784E-02 0.8122571231811E-02 0.8897900419180E-02
   10   10    0  0.231525
-0.3753330168451E-01 0.2771927096994E-01 0.2371344605164E-02-0.1148876098893E-03
 0.4909406039563E-01-0.1212907074957E-02 0.4584605802803E-03 0.4671724927033E-01
 0.3750458226538E-03 0.1370067372471E-02 0.2771927096994E-01-0.3986641960509E-01
-0.1006298461475E-01 0.1338326346658E-04-0.1335290522547E-01 0.1008790247035E-02
-0.4482921766953E-03-0.1480811502267E-01-0.1278008612847E-02-0.3226187382141E-02
 0.2371344605164E-02-0.1006298461475E-01-0.5345224559726E-02-0.5666663913452E-05
 0.4937609846767E-03 0.2865045180114E-03-0.1514862849857E-03-0.8620228226558E-03
-0.6250136458154E-03-0.1519901219922E-02-0.1148876098893E-03 0.1338326346658E-04
-0.5666663913452E-05-0.3485673412649E-03-0.2064493203463E-04-0.5664542243658E-04
-0.1885661659127E-04 0.9375264718096E-05 0.1893223400209E-04-0.5632914023018E-04
 0.4909406039563E-01-0.1335290522547E-01 0.4937609846767E-03-0.2064493203463E-04
-0.6117298122201E+00 0.6590280086549E-03-0.4386285555353E-02-0.8470074033599E-02
-0.7481390358298E-03-0.1420121085949E-02-0.1212907074957E-02 0.1008790247035E-02
 0.2865045180114E-03-0.5664542243658E-04 0.6590280086549E-03-0.1797936759929E-03
-0.5059272294647E-04 0.3372414581529E-02 0.2331606480187E-04 0.9075857141947E-04
 0.4584605802803E-03-0.4482921766953E-03-0.1514862849857E-03-0.1885661659127E-04
-0.4386285555353E-02-0.5059272294647E-04-0.3840457520653E-03-0.1470206546516E-02
 0.4182793237656E-04-0.1215280804043E-04 0.4671724927033E-01-0.1480811502267E-01
-0.8620228226558E-03 0.9375264718096E-05-0.8470074033599E-02 0.3372414581529E-02
-0.1470206546516E-02-0.6091272638328E+00-0.3757563315252E-02 0.1002573256402E-02
 0.3750458226538E-03-0.1278008612847E-02-0.6250136458154E-03 0.1893223400209E-04
-0.7481390358298E-03 0.2331606480187E-04 0.4182793237656E-04-0.3757563315252E-02
-0.4320498628801E-03-0.8771557072055E-04 0.1370067372471E-02-0.3226187382141E-02
-0.1519901219922E-02-0.5632914023018E-04-0.1420121085949E-02 0.9075857141947E-04
-0.1215280804043E-04 0.1002573256402E-02-0.8771557072056E-04-0.5779343363227E-03
 0.4346800600931E-01-0.2011111177064E+00-0.1008713638818E+00 0.1256593346652E-03
 0.8740667829266E-01 0.5124306244251E-02-0.6551714245469E-03 0.8449701978065E-01
-0.9622023927220E-02-0.2963597532258E-01-0.2011111177064E+00 0.1783967950173E+00
-0.8734396444507E-02-0.1263904004164E-03-0.4643082983694E-01-0.2862105554152E-02
 0.1048775072803E-02-0.4848175058538E-01 0.5958009230450E-04 0.2106980603436E-03
-0.1008713638818E+00-0.8734396444507E-02 0.9304218582765E-03-0.2777066087294E-04
-0.8180653388511E-02-0.6419860866954E-02-0.5754581768387E-02-0.9910622389142E-02
-0.6843637718049E-02 0.3563867621280E-02 0.1256593346652E-03-0.1263904004164E-03
-0.2777066087294E-04-0.2388932553666E-01 0.9731772353084E-05-0.7931729157987E-02
 0.1117706216946E-05-0.1313834578651E-04-0.4876080459295E-07-0.7959092696256E-02
 0.8740667829266E-01-0.4643082983694E-01-0.8180653388511E-02 0.9731772353084E-05
-0.9146673347242E+00 0.1683730042681E-02-0.6558719767166E-02 0.3096978524685E-02
-0.1978902950220E-02-0.5013275576241E-02 0.5124306244251E-02-0.2862105554152E-02
-0.6419860866954E-02-0.7931729157987E-02 0.1683730042681E-02 0.9341277956291E-02
-0.8337039260834E-02 0.5853587668692E-02-0.3540662215968E-02 0.4284476491221E-03
-0.6551714245469E-03 0.1048775072803E-02-0.5754581768387E-02 0.1117706216946E-05
-0.6558719767166E-02-0.8337039260834E-02-0.2363274662542E-01-0.2274549133435E-02
