                  12                   1               12790                   1               12789
T-Matrices                                                  
    3    1    2   16    2    1    0    0   10   16   16     0.00000000
    1    2   -2  0.000000
    1    4   -2  0.000000
    1    4   -4  0.000000
    2    3   -2  0.181000
    3    1   -1  0.203600
    3    3   -1  0.203600
    3    3   -3  0.203600
    4    1    1  0.203600
    4    3    1  0.203600
    4    3    3  0.203600
    7    2   -1  0.810800
    7    4   -3  0.810800
    7    4   -1  0.810800
    8    2    1  0.810800
    8    4    1  0.810800
    8    4    3  0.810800
    1   99     0.00735000     0.00367500
    3    3    0  0.007350
-0.8940319541730E+00-0.9329065717373E-02 0.3571786560066E-07-0.9329065717373E-02
-0.3695012659700E-03 0.3726884360160E-09 0.3571786560066E-07 0.3726884360160E-09
-0.2407493093303E-03
 0.9942741215696E+00 0.1013474091443E-01-0.4061205466065E-07 0.1013474091443E-01
 0.2343334291544E-01-0.2296019396926E-09-0.4061205466065E-07-0.2296019396926E-09
-0.2194175604704E-01
    3    3    0  0.011025
-0.2705968294330E+00-0.1732804190894E-02 0.8199706619172E-08-0.1732804190894E-02
-0.2940892568808E-03 0.5239604245074E-10 0.8199706619172E-08 0.5239604245074E-10
-0.2414986803285E-03
-0.6840668259778E+00-0.4537593315751E-02 0.2007967528788E-07-0.4537593315751E-02
 0.2375920162395E-01 0.3128220237582E-09 0.2007967528788E-07 0.3128220237582E-09
-0.2197587402230E-01
    3    3    0  0.014700
-0.2051602584574E-01 0.3513557110396E-04 0.9404989852091E-10 0.3513557110396E-04
-0.2941391600952E-03-0.3302523300296E-12 0.9404989852091E-10-0.3302523300296E-12
-0.2430819998869E-03
-0.2015216843383E+00 0.3922778566889E-03 0.8328786711110E-09 0.3922778566889E-03
 0.2424946774508E-01 0.1500230599074E-09 0.8328786711110E-09 0.1500230599074E-09
-0.2204778698453E-01
    3    3    0  0.018375
-0.1803552310011E-02 0.3387124799169E-04-0.2356939351220E-09 0.3387124799169E-04
-0.3068218828505E-03 0.5367156371905E-11-0.2356939351220E-09 0.5367156371905E-11
-0.2454022411248E-03
-0.6000147412860E-01 0.1916709216610E-02-0.5729588041986E-08 0.1916709216610E-02
 0.2469564140796E-01 0.1016907042177E-09-0.5729588041986E-08 0.1016907042177E-09
-0.2215274836199E-01
    3    3    0  0.022050
-0.2280256878770E-04-0.4271161838037E-04-0.7474545505079E-10-0.4271161838037E-04
-0.3194141968720E-03 0.1252018223597E-10-0.7474545505079E-10 0.1252018223597E-10
-0.2483982490769E-03
 0.6177226708666E-02 0.2728491071191E-02-0.9263685831252E-08 0.2728491071191E-02
 0.2512528369008E-01 0.8437580106397E-10-0.9263685831252E-08 0.8437580106397E-10
-0.2228754801371E-01
    3    3    0  0.025725
-0.1023234484398E-02-0.1161954127452E-03 0.1327954225359E-09-0.1161954127452E-03
-0.3317137108174E-03 0.1916525558809E-10 0.1327954225359E-09 0.1916525558809E-10
-0.2520228063014E-03
 0.4510658100504E-01 0.3287066875967E-02-0.1172589953421E-07 0.3287066875967E-02
 0.2554406149436E-01 0.7753149745926E-10-0.1172589953421E-07 0.7753149745926E-10
-0.2244954558800E-01
    3    3    0  0.029400
-0.2546077259634E-02-0.1813698958496E-03 0.3325360263652E-09-0.1813698958496E-03
-0.3438547377728E-03 0.2540318096977E-10 0.3325360263652E-09 0.2540318096977E-10
-0.2562376847961E-03
 0.7121617858748E-01 0.3727602743402E-02-0.1367685387221E-07 0.3727602743402E-02
 0.2595502498964E-01 0.7565710174566E-10-0.1367685387221E-07 0.7565710174566E-10
-0.2263646862567E-01
    3    3    0  0.033075
-0.4092472396053E-02-0.2398612205117E-03 0.5181188535433E-09-0.2398612205117E-03
-0.3559596901671E-03 0.3140428474588E-10 0.5181188535433E-09 0.3140428474588E-10
-0.2610093648230E-03
 0.9028455102759E-01 0.4103507540516E-02-0.1533682540925E-07 0.4103507540516E-02
 0.2636088703919E-01 0.7678187323566E-10-0.1533682540925E-07 0.7678187323566E-10
-0.2284623828461E-01
    3    3    0  0.036750
-0.5545218532772E-02-0.2935424385028E-03 0.6909620996660E-09-0.2935424385028E-03
-0.3681373071342E-03 0.3728203482106E-10 0.6909620996660E-09 0.3728203482106E-10
-0.2663064465959E-03
 0.1050708706252E+00 0.4439999535130E-02-0.1680919557430E-07 0.4439999535130E-02
 0.2676451617639E-01 0.8005947737876E-10-0.1680919557430E-07 0.8005947737876E-10
-0.2307687097654E-01
    3    3    0  0.040425
-0.6886526684383E-02-0.3438295472493E-03 0.8534209386690E-09-0.3438295472493E-03
-0.3804951889059E-03 0.4310502014576E-10 0.8534209386690E-09 0.4310502014576E-10
-0.2720978998146E-03
 0.1170595724709E+00 0.4750515042552E-02-0.1814855571567E-07 0.4750515042552E-02
 0.2716909989852E-01 0.8496877754907E-10-0.1814855571567E-07 0.8496877754907E-10
-0.2332641769243E-01
    3    3    0  0.044100
-0.8125835843008E-02-0.3917364773229E-03 0.1007541037953E-08-0.3917364773229E-03
-0.3931487464000E-03 0.4891376183366E-10 0.1007541037953E-08 0.4891376183366E-10
-0.2783517927302E-03
 0.1271222182965E+00 0.5042879709782E-02-0.1938634606375E-07 0.5042879709782E-02
 0.2757823115481E-01 0.9109055022531E-10-0.1938634606375E-07 0.9109055022531E-10
-0.2359292490853E-01
    3    3    0  0.047775
-0.9279030801035E-02-0.4379985073642E-03 0.1154931600505E-08-0.4379985073642E-03
-0.4062277036819E-03 0.5473178511634E-10 0.1154931600505E-08 0.5473178511634E-10
-0.2850343108262E-03
 0.1358066487303E+00 0.5321983410135E-02-0.2054203204122E-07 0.5321983410135E-02
 0.2799598250297E-01 0.9813624929882E-10-0.2054203204122E-07 0.9813624929882E-10
-0.2387440841348E-01
    3    3    0  0.051450
-0.1036230326293E-01-0.4831691007149E-03 0.1296861301345E-08-0.4831691007149E-03
-0.4198818236203E-03 0.6057249115390E-10 0.1296861301345E-08 0.6057249115390E-10
-0.2921089540217E-03
 0.1434773003070E+00 0.5591067982937E-02-0.2162854719280E-07 0.5591067982937E-02
 0.2842699162636E-01 0.1060143653806E-09-0.2162854719280E-07 0.1060143653806E-09
-0.2416883489956E-01
    3    3    0  0.055125
-0.1139059039253E-01-0.5276874021046E-03 0.1434380616439E-08-0.5276874021046E-03
-0.4342870431562E-03 0.6644372356093E-10 0.1434380616439E-08 0.6644372356093E-10
-0.2995358418230E-03
 0.1503891824295E+00 0.5852400342575E-02-0.2265519061954E-07 0.5852400342575E-02
 0.2887657246476E-01 0.1148131302337E-09-0.2265519061954E-07 0.1148131302337E-09
-0.2447410799038E-01
    3    3    0  0.058800
-0.1237751923336E-01-0.5719255971845E-03 0.1568432380408E-08-0.5719255971845E-03
-0.4496530045866E-03 0.7235117055826E-10 0.1568432380408E-08 0.7235117055826E-10
-0.3072710768914E-03
 0.1567297195887E+00 0.6107649555006E-02-0.2362930453333E-07 0.6107649555006E-02
 0.2935086607535E-01 0.1246953536459E-09-0.2362930453333E-07 0.1246953536459E-09
-0.2478805636325E-01
    3    3    0  0.062475
-0.1333587015813E-01-0.6162244377612E-03 0.1699951504848E-08-0.6162244377612E-03
-0.4662330622167E-03 0.7830120348620E-10 0.1699951504848E-08 0.7830120348620E-10
-0.3152661265513E-03
 0.1626440578607E+00 0.6358112412149E-02-0.2455735771390E-07 0.6358112412149E-02
 0.2985704984023E-01 0.1357819438701E-09-0.2455735771390E-07 0.1357819438701E-09
-0.2510842210039E-01
    3    3    0  0.066150
-0.1427826311824E-01-0.6609233218764E-03 0.1829965494676E-08-0.6609233218764E-03
-0.4843382186512E-03 0.8430354657726E-10 0.1829965494676E-08 0.8430354657726E-10
-0.3234671842965E-03
 0.1682515867916E+00 0.6604858913425E-02-0.2544577021381E-07 0.6604858913425E-02
 0.3040363256074E-01 0.1481047344766E-09-0.2544577021381E-07 0.1481047344766E-09
-0.2543284761038E-01
    3    3    0  0.069825
-0.1521803451536E-01-0.7063904189085E-03 0.1959712491326E-08-0.7063904189085E-03
-0.5043571980460E-03 0.9037423495911E-10 0.1959712491326E-08 0.9037423495911E-10
-0.3318144685260E-03
 0.1736579249757E+00 0.6848836535894E-02-0.2630168769974E-07 0.6848836535894E-02
 0.3100087854545E-01 0.1616514991457E-09-0.2630168769974E-07 0.1616514991457E-09
-0.2575885937323E-01
    3    3    0  0.073500
-0.1617041711261E-01-0.7530588921314E-03 0.2090801367921E-08-0.7530588921314E-03
-0.5267862416923E-03 0.9653958107144E-10 0.2090801367921E-08 0.9653958107144E-10
-0.3402414059294E-03
 0.1789650889208E+00 0.7090958010491E-02-0.2713387678921E-07 0.7090958010491E-02
 0.3166143073897E-01 0.1764595270478E-09-0.2713387678921E-07 0.1764595270478E-09
-0.2608384648866E-01
    3    3    0  0.077175
-0.1715429020194E-01-0.8014779775324E-03 0.2225455858339E-08-0.8014779775324E-03
-0.5522747549852E-03 0.1028423689218E-09 0.2225455858339E-08 0.1028423689218E-09
-0.3486736279171E-03
 0.1842821404928E+00 0.7332193396096E-02-0.2795395775771E-07 0.7332193396096E-02
 0.3240125114281E-01 0.1926874257042E-09-0.2795395775771E-07 0.1926874257042E-09
-0.2640503138674E-01
    3    3    0  0.080850
-0.1819504489848E-01-0.8523944150998E-03 0.2366923957008E-08-0.8523944150998E-03
-0.5816977943399E-03 0.1093524966275E-09 0.2366923957008E-08 0.1093524966275E-09
-0.3570276795681E-03
 0.1897391439524E+00 0.7573692236369E-02-0.2877835065367E-07 0.7573692236369E-02
 0.3324108641464E-01 0.2106186099636E-09-0.2877835065367E-07 0.2106186099636E-09
-0.2671942908019E-01
    3    3    0  0.084525
-0.1932972463427E-01-0.9068955671541E-03 0.2520224728681E-08-0.9068955671541E-03
-0.6162761545503E-03 0.1161865767037E-09 0.2520224728681E-08 0.1161865767037E-09
-0.3652092928618E-03
 0.1955092922833E+00 0.7816980581765E-02-0.2963169481705E-07 0.7816980581765E-02
 0.3420884195375E-01 0.2305961856389E-09-0.2963169481705E-07 0.2305961856389E-09
-0.2702378966568E-01
    3    3    0  0.088200
-0.2061712936170E-01-0.9666847618831E-03 0.2693632060644E-08-0.9666847618831E-03
-0.6577857175287E-03 0.1235467793478E-09 0.2693632060644E-08 0.1235467793478E-09
-0.3731109999196E-03
 0.2018495103226E+00 0.8064329071891E-02-0.3055343900986E-07 0.8064329071891E-02
 0.3534361144816E-01 0.2529157642338E-09-0.3055343900986E-07 0.2529157642338E-09
-0.2731451606784E-01
    3    3    0  0.091875
-0.2215983231049E-01-0.1034666505302E-02 0.2901931088733E-08-0.1034666505302E-02
-0.7089459743007E-03 0.1318053255513E-09 0.2901931088733E-08 0.1318053255513E-09
-0.3806087358957E-03
 0.2091848974285E+00 0.8319531598502E-02-0.3161183268865E-07 0.8319531598502E-02
 0.3670291818659E-01 0.2776770236643E-09-0.3161183268865E-07 0.2776770236643E-09
-0.2758754445000E-01
    3    3    0  0.095550
-0.2415880079338E-01-0.1116355364609E-02 0.3174545570253E-08-0.1116355364609E-02
-0.7742000279191E-03 0.1417125376893E-09 0.3174545570253E-08 0.1417125376893E-09
-0.3875568661104E-03
 0.2183092377629E+00 0.8589783994729E-02-0.3293741560252E-07 0.8589783994729E-02
 0.3837668604477E-01 0.3044798247609E-09-0.3293741560252E-07 0.3044798247609E-09
-0.2783816681995E-01
    3    3    0  0.099225
-0.2707552433035E-01-0.1223902942133E-02 0.3579824627025E-08-0.1223902942133E-02
-0.8614489597981E-03 0.1550057450029E-09 0.3579824627025E-08 0.1550057450029E-09
-0.3937806894112E-03
 0.2309489467905E+00 0.8891044981917E-02-0.3481755941555E-07 0.8891044981917E-02
 0.4051675216504E-01 0.3314808600502E-09-0.3481755941555E-07 0.3314808600502E-09
-0.2806076113703E-01
    3    3    0  0.102900
-0.3226610836008E-01-0.1391062254802E-02 0.4320926792683E-08-0.1391062254802E-02
-0.9864893002796E-03 0.1767288299465E-09 0.4320926792683E-08 0.1767288299465E-09
-0.3990647459976E-03
 0.2518001016244E+00 0.9267617773607E-02-0.3803917143198E-07 0.9267617773607E-02
 0.4340716122975E-01 0.3516366013202E-09-0.3803917143198E-07 0.3516366013202E-09
-0.2824836702045E-01
    3    3    0  0.106575
-0.4611048686448E-01-0.1762985227739E-02 0.6370276872549E-08-0.1762985227739E-02
-0.1187133276208E-02 0.2295196667010E-09 0.6370276872549E-08 0.2295196667010E-09
-0.4031336809759E-03
 0.2999893849828E+00 0.9902399243823E-02-0.4582930899986E-07 0.9902399243823E-02
 0.4766226640964E-01 0.3308972507731E-09-0.4582930899986E-07 0.3308972507731E-09
-0.2839198558018E-01
    3    3    0  0.110250
-0.2298445829239E+00-0.5130202293511E-02 0.3565663011066E-07-0.5130202293511E-02
-0.1610208731310E-02 0.7729886299489E-09 0.3565663011066E-07 0.7729886299489E-09
-0.4056148891533E-03
 0.6377011324168E+00 0.1309886586890E-01-0.1035697298376E-06 0.1309886586890E-01
 0.5495384816223E-01-0.1830931876040E-09-0.1035697298376E-06-0.1830931876040E-09
-0.2847920741271E-01
    3    3    0  0.113925
-0.2094007190496E-03-0.3223648569341E-03-0.2396983965178E-11-0.3223648569341E-03
-0.2618280308669E-02-0.2734617582046E-10-0.2396983965178E-11-0.2734617582046E-10
-0.4060494920049E-03
 0.1920391410532E-01 0.7061398825497E-02 0.3914689785499E-09 0.7061398825497E-02
 0.7197039636607E-01 0.1192488485391E-08 0.3914689785499E-09 0.1192488485391E-08
-0.2849445749299E-01
    3    3    0  0.117600
-0.8439890363623E-02-0.1174111823302E-02 0.8432249610843E-09-0.1174111823302E-02
-0.2124628531880E-01-0.4839010097901E-10 0.8432249610843E-09-0.4839010097901E-10
-0.4035872127330E-03
 0.1294577366402E+00 0.6918443706363E-02-0.1669839140597E-07 0.6918443706363E-02
 0.2049193075234E+00 0.1202469263409E-08-0.1669839140597E-07 0.1202469263409E-08
-0.2840794858534E-01
    3    3    0  0.121275
-0.1317218616739E-01-0.7101885695009E-03 0.1443305944277E-08-0.7101885695009E-03
-0.2718318913064E-03 0.1369769942613E-09 0.1443305944277E-08 0.1369769942613E-09
-0.3970532002333E-03
 0.1614603152405E+00 0.1004629687975E-01-0.2159566284416E-07 0.1004629687975E-01
-0.2102754006619E-01 0.1135683774604E-08-0.2159566284416E-07 0.1135683774604E-08
-0.2817709618151E-01
    3    3    0  0.124950
-0.1610644781414E-01-0.9881352870580E-03 0.1828750466716E-08-0.9881352870580E-03
-0.2001265374746E-03 0.1295457573754E-09 0.1828750466716E-08 0.1295457573754E-09
-0.3842578965468E-03
 0.1784719673315E+00 0.1001291329128E-01-0.2415826674856E-07 0.1001291329128E-01
 0.1729098552408E-01 0.1468492419369E-08-0.2415826674856E-07 0.1468492419369E-08
-0.2771945416061E-01
    3    3    0  0.128625
-0.1833200500938E-01-0.1139698713036E-02 0.2143914059834E-08-0.1139698713036E-02
-0.5287065703788E-03 0.1305317766136E-09 0.2143914059834E-08 0.1305317766136E-09
-0.3607807045570E-03
 0.1903219042356E+00 0.1020889151975E-01-0.2611147929226E-07 0.1020889151975E-01
 0.3084822897512E-01 0.2021990603627E-08-0.2611147929226E-07 0.2021990603627E-08
-0.2685947219133E-01
    3    3    0  0.132300
-0.2030037108234E-01-0.1276740435866E-02 0.2495373902631E-08-0.1276740435866E-02
-0.9286570367211E-03 0.1233886981888E-09 0.2495373902631E-08 0.1233886981888E-09
-0.3158219658165E-03
 0.2001949110385E+00 0.1044052808865E-01-0.2840351413992E-07 0.1044052808865E-01
 0.4178297472225E-01 0.3189311380929E-08-0.2840351413992E-07 0.3189311380929E-08
-0.2513054293321E-01
    3    3    0  0.135975
-0.2231410249567E-01-0.1451091687904E-02 0.3137919409540E-08-0.1451091687904E-02
-0.1751616121998E-02 0.5038567737611E-10 0.3137919409540E-08 0.5038567737611E-10
-0.2140544943277E-03
 0.2097943883201E+00 0.1070022352348E-01-0.3320419042125E-07 0.1070022352348E-01
 0.5816840752864E-01 0.6915213619130E-08-0.3320419042125E-07 0.6915213619130E-08
-0.2068968751160E-01
    3    3    0  0.139650
-0.2478408087802E-01-0.2021651601243E-02 0.7690972459283E-08-0.2021651601243E-02
-0.9264671128808E-02-0.4339097303027E-08 0.7690972459283E-08-0.4339097303027E-08
-0.5359750925702E-04
 0.2209646847888E+00 0.1115491336058E-01-0.6882750695787E-07 0.1115491336058E-01
 0.1353328820324E+00 0.6466688059433E-07-0.6882750695787E-07 0.6466688059433E-07
 0.1035336398530E-01
    3    3    0  0.143325
-0.2881309501663E-01-0.1194786682447E-02 0.2530070198944E-10-0.1194786682447E-02
-0.2925478970233E-03 0.1885962988498E-09 0.2530070198944E-10 0.1885962988498E-09
-0.1304686341764E-02
 0.2380677706592E+00 0.1087679396440E-01-0.5621922319847E-09 0.1087679396440E-01
-0.2157030476405E-01 0.5104191090581E-08-0.5621922319847E-09 0.5104191090581E-08
-0.5106535495889E-01
    3    3    0  0.147000
-0.4285758595344E-01-0.1819592746053E-02 0.9481422363306E-09-0.1819592746053E-02
-0.3647047506384E-03 0.4089383807480E-10 0.9481422363306E-09 0.4089383807480E-10
-0.7358660362229E-03
 0.2893896472490E+00 0.1134550044878E-01-0.7377016341442E-08 0.1134550044878E-01
 0.2443860048217E-01-0.2643078797152E-09-0.7377016341442E-08-0.2643078797152E-09
-0.3835610216931E-01
    3    3    0  0.150675
-0.1219130448009E-02-0.5283905735548E-03 0.2438884626301E-09-0.5283905735548E-03
-0.1503764049715E-02 0.1861452846047E-09 0.2438884626301E-09 0.1861452846047E-09
-0.5977121751186E-03
 0.4826652187226E-01 0.1033626077093E-01-0.3530450923080E-07 0.1033626077093E-01
 0.5383446210179E-01-0.3557750782607E-09-0.3530450923080E-07-0.3557750782607E-09
-0.3456974241142E-01
    3    3    0  0.154350
-0.1683076462305E-01-0.9722338916917E-03 0.1793157284371E-08-0.9722338916917E-03
-0.3491954909299E-03 0.1556962094683E-09 0.1793157284371E-08 0.1556962094683E-09
-0.5087944103093E-03
 0.1822910070395E+00 0.1213664377429E-01-0.2367057872709E-07 0.1213664377429E-01
-0.2345262636731E-01 0.4017125805748E-09-0.2367057872709E-07 0.4017125805748E-09
-0.3189561018175E-01
    3    3    0  0.158025
-0.2172193290597E-01-0.1502069160933E-02 0.2073609142730E-08-0.1502069160933E-02
-0.1010255780654E-02 0.1249581720185E-09 0.2073609142730E-08 0.1249581720185E-09
-0.3999657785328E-03
 0.2069515323511E+00 0.1186720221969E-01-0.2307377252517E-07 0.1186720221969E-01
 0.4331748197067E-01 0.1808555792720E-08-0.2307377252517E-07 0.1808555792720E-08
-0.2828023310443E-01
    3    3    0  0.161700
-0.2556732548719E-01-0.1429024430076E-02 0.2953893786248E-08-0.1429024430076E-02
-0.1103982009499E-03 0.2171821263974E-09 0.2953893786248E-08 0.2171821263974E-09
-0.1075262630505E-03
 0.2243481223663E+00 0.1211778534649E-01-0.2859285236467E-07 0.1211778534649E-01
 0.8479468238710E-02 0.1351920788972E-07-0.2859285236467E-07 0.1351920788972E-07
-0.1466427509981E-01
    3    3    0  0.165375
-0.3303902310174E-01-0.1199617231833E-01 0.2477494708563E-09-0.1199617231833E-01
-0.1504630107793E+01-0.8010529902852E-09 0.2477494708563E-09-0.8010529902852E-09
-0.1234290435793E-02
 0.2545936837893E+00 0.4961570343679E-02-0.2435647459658E-08 0.4961570343679E-02
 0.8632380488478E+00 0.5050410002002E-09-0.2435647459658E-08 0.5050410002002E-09
-0.4966948156269E-01
    3    3    0  0.169050
-0.8042692207711E-02-0.7196411113120E-03 0.1725424991291E-08-0.7196411113120E-03
-0.3229853480750E-03 0.2569499571344E-09 0.1725424991291E-08 0.2569499571344E-09
-0.6510005890123E-03
 0.1258247791512E+00 0.1372248467666E-01-0.3824835302949E-07 0.1372248467666E-01
-0.2137853848103E-01-0.2167657698652E-09-0.3824835302949E-07-0.2167657698652E-09
-0.3607738039626E-01
    3    3    0  0.172725
-0.2348078059237E-01-0.3245693151047E-02 0.2021129520273E-08-0.3245693151047E-02
-0.3822633606531E+00-0.6108157084663E-09 0.2021129520273E-08-0.6108157084663E-09
-0.4153397583367E-03
 0.2153439007665E+00 0.5165656407804E-02-0.2146346776629E-07 0.5165656407804E-02
 0.7863613837659E+00 0.1459083270629E-08-0.2146346776629E-07 0.1459083270629E-08
-0.2881851851775E-01
    3    3    0  0.176400
-0.3180965584243E-01-0.1898598242903E-02 0.9752521458602E-11-0.1898598242903E-02
-0.5298423198331E-03 0.3650879368152E-09 0.9752521458602E-11 0.3650879368152E-09
-0.2196874374769E-02
 0.2498502746078E+00 0.1336761321837E-01-0.1509748388138E-08 0.1336761321837E-01
 0.2961597792304E-01 0.1935361021764E-07-0.1509748388138E-08 0.1935361021764E-07
-0.6624894333133E-01
    3    3    0  0.180075
-0.2017336799773E-01-0.1852627679162E-02 0.2125018822662E-08-0.1852627679162E-02
-0.4782295178541E-02 0.1678601702010E-09 0.2125018822662E-08 0.1678601702010E-09
-0.5705478977166E-03
 0.1994589699847E+00 0.1234739982401E-01-0.2536265429569E-07 0.1234739982401E-01
 0.9688049080272E-01-0.2808343747064E-09-0.2536265429569E-07-0.2808343747064E-09
-0.3377529082819E-01
    4    4    0  0.183750
-0.3425769975939E-01-0.1790820959746E-02 0.3537007572895E-09-0.1461642096723E-02
-0.1790820959746E-02-0.2606334839301E-01 0.2209549864616E-09-0.4075559046591E-05
 0.3537007572895E-09 0.2209549864616E-09-0.1616006461660E-02-0.9541351079133E-09
-0.1461642096723E-02-0.4075559046591E-05-0.9541351079133E-09-0.2597032934850E-01
 0.2591467177463E+00 0.1337395287352E-01-0.3986680028807E-08-0.7629905027789E-03
 0.1337395287352E-01 0.1347728778100E-01 0.8284171292893E-08 0.2260170163922E+00
-0.3986680028807E-08 0.8284171292893E-08-0.5682782281978E-01-0.1005394504640E-09
-0.7629905027789E-03 0.2260170163922E+00-0.1005394504640E-09-0.1340859511467E-01
    4    4    0  0.187425
-0.2842082581462E-01-0.1682748285280E-02 0.1942157121891E-08-0.1391710217249E-02
-0.1682748285280E-02-0.2841867505942E-01-0.4894701002619E-10-0.3638327975020E-02
 0.1942157121891E-08-0.4894701002619E-10-0.1460888942366E-03-0.1019758707000E-08
-0.1391710217249E-02-0.3638327975020E-02-0.1019758707000E-08-0.2756803811205E-01
 0.2363132608776E+00 0.1347053010457E-01-0.1799326545845E-07-0.1930632601427E-02
 0.1347053010457E-01 0.3944219574654E-01 0.8565336743503E-08 0.2329732129835E+00
-0.1799326545845E-07 0.8565336743503E-08-0.1709258454733E-01 0.6309767605790E-09
-0.1930632601427E-02 0.2329732129835E+00 0.6309767605790E-09-0.8981085728806E-02
    4    4    0  0.191100
-0.3050436608718E-01-0.1885359302566E-02 0.2059976904910E-08-0.1440711072157E-02
-0.1885359302566E-02-0.3018307750004E-01-0.2034746140437E-08-0.6078376150018E-02
 0.2059976904910E-08-0.2034746140437E-08-0.1217206253701E-03-0.6992124601697E-08
-0.1440711072157E-02-0.6078376150018E-02-0.6992124601697E-08-0.2850882315153E-01
 0.2447171191210E+00 0.1352862737351E-01-0.1864874814300E-07-0.1758819600081E-02
 0.1352862737351E-01 0.5570034221623E-01 0.5798799504333E-07 0.2369157734613E+00
-0.1864874814300E-07 0.5798799504333E-07 0.1560212917604E-01 0.3664481630960E-09
-0.1758819600081E-02 0.2369157734613E+00 0.3664481630960E-09-0.5804639472692E-02
    4    4    0  0.194775
-0.2565022086247E-01-0.1448875529191E-02 0.2072117867253E-08-0.1328814170169E-02
-0.1448875529191E-02-0.2842329862972E-01 0.1590691482980E-09-0.2552035363700E-02
 0.2072117867253E-08 0.1590691482980E-09-0.4836685093498E-03-0.5372127312480E-10
-0.1328814170169E-02-0.2552035363700E-02-0.5372127312480E-10-0.2788560422597E-01
 0.2245711007948E+00 0.1399898386099E-01-0.2115231764812E-07-0.3239142771950E-02
 0.1399898386099E-01 0.3079537387621E-01 0.1624194275263E-09 0.2342771321071E+00
-0.2115231764812E-07 0.1624194275263E-09-0.3109828103726E-01-0.6195566828887E-10
-0.3239142771950E-02 0.2342771321071E+00-0.6195566828887E-10-0.9436960478924E-02
    4    4    0  0.198450
-0.3144159929984E-01-0.1853604445539E-02 0.1657421615327E-08-0.1434509948178E-02
-0.1853604445539E-02-0.3008449483547E-01-0.2072982845163E-08-0.5679528949317E-02
 0.1657421615327E-08-0.2072982845163E-08-0.4056176557268E-03-0.8777944467749E-08
-0.1434509948178E-02-0.5679528949317E-02-0.8777944467749E-08-0.2867817482033E-01
 0.2484284211111E+00 0.1306147768637E-01-0.1533184688637E-07-0.1359466738425E-02
 0.1306147768637E-01 0.5077954432521E-01 0.7334486634107E-07 0.2376532255655E+00
-0.1533184688637E-07 0.7334486634107E-07 0.2847930451688E-01-0.6635699012218E-08
-0.1359466738425E-02 0.2376532255655E+00-0.6635699012218E-08-0.4323573785073E-02
    4    4    0  0.202125
-0.3459694470889E-01-0.1483046199930E-02 0.9935728872061E-09-0.1340608043512E-02
-0.1483046199930E-02-0.2556902682388E-01 0.3850766585795E-08 0.4509680051733E-02
 0.9935728872061E-09 0.3850766585795E-08-0.4525326892479E-02-0.7386638189045E-08
-0.1340608043512E-02 0.4509680051733E-02-0.7386638189045E-08-0.2536295642128E-01
 0.2603311867478E+00 0.1460966192559E-01-0.1760616481060E-07-0.2678649571999E-02
 0.1460966192559E-01-0.2210303630584E-01 0.6591754405260E-07 0.2230689477254E+00
-0.1760616481060E-07 0.6591754405260E-07-0.9502723399883E-01 0.1915541908702E-08
-0.2678649571999E-02 0.2230689477254E+00 0.1915541908702E-08-0.1713383311449E-01
   10   10    0  0.205800
-0.5152668801294E-01-0.1576651640548E-02-0.7706412096430E-08-0.2363609024028E-02
 0.1108410167156E+00 0.6259348054838E-03-0.7012291036068E-03-0.1108410510974E+00
-0.6262186350049E-03-0.7012970857355E-03-0.1576651640548E-02-0.3449931311410E-01
-0.1149789254692E-09-0.3493962210239E-02-0.9557644529419E-03-0.2628582474295E-02
-0.1479390773074E-02 0.9556493443666E-03 0.2628854511568E-02-0.1479357999509E-02
-0.7706412096455E-08-0.1149789253608E-09-0.9063592654649E-02-0.4260370632669E-09
 0.6381467430790E-04 0.1398404180409E-03-0.2158294770836E-03 0.6371679087170E-04
 0.1398728130199E-03 0.2158561608221E-03-0.2363609024028E-02-0.3493962210239E-02
-0.4260370628333E-09-0.2960260756580E-01 0.5590892777554E-02-0.7925931301055E-02
 0.1653581220888E-02-0.5590924843807E-02 0.7925994657297E-02 0.1653579597070E-02
 0.1108410167156E+00-0.9557644529419E-03 0.6381467430790E-04 0.5590892777554E-02
-0.1413742698255E+01-0.1116646274424E-01 0.1298125052270E-02-0.4274840893835E-01
 0.2470648677796E-02 0.5919785031678E-02 0.6259348054838E-03-0.2628582474295E-02
 0.1398404180409E-03-0.7925931301055E-02-0.1116646274424E-01-0.4444044858830E-02
 0.3246245237612E-03 0.2470687660575E-02 0.2197994332589E-02 0.3941675824210E-03
-0.7012291036068E-03-0.1479390773074E-02-0.2158294770836E-03 0.1653581220888E-02
 0.1298125052270E-02 0.3246245237612E-03-0.5523023694670E-02-0.5919799002300E-02
-0.3942086566414E-03 0.3737633376380E-02-0.1108410510974E+00 0.9556493443666E-03
 0.6371679087170E-04-0.5590924843807E-02-0.4274840893835E-01 0.2470687660575E-02
-0.5919799002300E-02-0.1413744451522E+01-0.1116978938750E-01-0.1298988534155E-02
-0.6262186350049E-03 0.2628854511568E-02 0.1398728130199E-03 0.7925994657297E-02
 0.2470648677796E-02 0.2197994332589E-02-0.3942086566414E-03-0.1116978938750E-01
-0.4443747934690E-02-0.3246850776016E-03-0.7012970857355E-03-0.1479357999509E-02
 0.2158561608221E-03 0.1653579597070E-02 0.5919785031678E-02 0.3941675824210E-03
 0.3737633376380E-02-0.1298988534155E-02-0.3246850776016E-03-0.5523058342498E-02
 0.2390156896397E+00 0.1440693580335E-01-0.1745781766874E-07-0.3608473423747E-02
 0.9608240744089E-01 0.8462599340572E-03 0.1209598007207E-02-0.9608224944039E-01
-0.8463035774662E-03 0.1209515447602E-02 0.1440693580335E-01 0.2707611159381E-01
-0.2173085096743E-08 0.2366467745883E+00 0.8142373164907E-03 0.7209767766880E-01
-0.1472842702409E-01-0.8141326731671E-03-0.7209771178783E-01-0.1472843445681E-01
-0.1745781766875E-07-0.2173085096785E-08-0.3536622434286E-01-0.7597860198036E-10
-0.2550538587923E-03 0.2682234069904E-04 0.9163512898319E-01-0.2550566002726E-03
 0.2682607191610E-04-0.9163513483322E-01-0.3608473423747E-02 0.2366467745883E+00
-0.7597860200788E-10-0.8556763356675E-02 0.3290397492144E-02 0.2140433206126E-01
 0.2336237750559E-01-0.3290380310126E-02-0.2140430750342E-01 0.2336237072288E-01
 0.9608240744089E-01 0.8142373164907E-03-0.2550538587923E-03 0.3290397492144E-02
-0.8972914562928E+00-0.6804136402257E-02 0.1380473337425E-02 0.7636541859014E-02
 0.1889608743910E-02 0.4323527589966E-02 0.8462599340572E-03 0.7209767766880E-01
 0.2682234069904E-04 0.2140433206126E-01-0.6804136402257E-02-0.4872900214157E-01
-0.1317493795030E-01 0.1889561095249E-02-0.1743982357259E-01-0.1016202015499E-01
 0.1209598007207E-02-0.1472842702409E-01 0.9163512898319E-01 0.2336237750559E-01
 0.1380473337425E-02-0.1317493795030E-01 0.3871382391073E-01-0.4323531047244E-02
 0.1016198742707E-01-0.1315875512699E-02-0.9608224944039E-01-0.8141326731671E-03
-0.2550566002726E-03-0.3290380310126E-02 0.7636541859014E-02 0.1889561095249E-02
-0.4323531047244E-02-0.8972906012598E+00-0.6806201331771E-02-0.1381073680103E-02
-0.8463035774662E-03-0.7209771178783E-01 0.2682607191610E-04-0.2140430750342E-01
 0.1889608743910E-02-0.1743982357259E-01 0.1016198742707E-01-0.6806201331771E-02
-0.4872163528664E-01 0.1317562676781E-01 0.1209515447602E-02-0.1472843445681E-01
-0.9163513483322E-01 0.2336237072288E-01 0.4323527589966E-02-0.1016202015499E-01
-0.1315875512699E-02-0.1381073680103E-02 0.1317562676781E-01 0.3871441292074E-01
   10   10    0  0.209475
-0.5200221607847E-01-0.1587571025807E-02-0.8318369029535E-08-0.2357130622496E-02
 0.1105429037770E+00 0.6556862260716E-03-0.7051743886411E-03-0.1105429353709E+00
-0.6559621454719E-03-0.7052320968576E-03-0.1587571025807E-02-0.3484873661102E-01
 0.1394649543421E-10-0.3576870443060E-02-0.9695663998511E-03-0.2694243360893E-02
-0.1505632022600E-02 0.9694474990651E-03 0.2694511688415E-02-0.1505600853952E-02
-0.8318369029492E-08 0.1394649532579E-10-0.9197699487825E-02-0.4434031507846E-09
 0.6671763031933E-04 0.1339174375572E-03-0.2084273730221E-03 0.6661809400843E-04
 0.1339478443565E-03 0.2084536502564E-03-0.2357130622496E-02-0.3576870443060E-02
-0.4434031507846E-09-0.2988919052428E-01 0.5618931671935E-02-0.8032314868185E-02
 0.1679320529794E-02-0.5618963805829E-02 0.8032376937075E-02 0.1679318825650E-02
 0.1105429037770E+00-0.9695663998511E-03 0.6671763031933E-04 0.5618931671935E-02
-0.1418150289100E+01-0.1165928587292E-01 0.1460931024366E-02-0.4253096588044E-01
 0.2506835883467E-02 0.5977488186817E-02 0.6556862260716E-03-0.2694243360893E-02
 0.1339174375572E-03-0.8032314868185E-02-0.1165928587292E-01-0.4501528440245E-02
 0.3319361378298E-03 0.2506872888555E-02 0.2240409626538E-02 0.4004748576482E-03
-0.7051743886411E-03-0.1505632022600E-02-0.2084273730221E-03 0.1679320529794E-02
 0.1460931024366E-02 0.3319361378298E-03-0.5590679950707E-02-0.5977519445650E-02
-0.4005157235510E-03 0.3795548408412E-02-0.1105429353709E+00 0.9694474990651E-03
 0.6661809400843E-04-0.5618963805829E-02-0.4253096588044E-01 0.2506872888555E-02
-0.5977519445650E-02-0.1418152038997E+01-0.1166254134142E-01-0.1461712162675E-02
-0.6559621454719E-03 0.2694511688415E-02 0.1339478443565E-03 0.8032376937075E-02
 0.2506835883467E-02 0.2240409626538E-02-0.4005157235510E-03-0.1166254134142E-01
-0.4501240802654E-02-0.3319950247184E-03-0.7052320968576E-03-0.1505600853952E-02
 0.2084536502564E-03 0.1679318825650E-02 0.5977488186817E-02 0.4004748576482E-03
 0.3795548408412E-02-0.1461712162675E-02-0.3319950247184E-03-0.5590713182925E-02
 0.2415432144879E+00 0.1464856299541E-01-0.1772651724412E-07-0.3896581074906E-02
 0.9558716205234E-01 0.8451875414086E-03 0.1161656421815E-02-0.9558700253115E-01
-0.8452348851951E-03 0.1161569919512E-02 0.1464856299541E-01 0.2683239442125E-01
-0.2142042811905E-08 0.2377159585004E+00 0.7914821342008E-03 0.7266005115689E-01
-0.1488512650560E-01-0.7913830217760E-03-0.7266007680378E-01-0.1488513263746E-01
-0.1772651724415E-07-0.2142042811872E-08-0.3546520856414E-01-0.6310827265736E-10
-0.2482613187162E-03 0.2546875752725E-04 0.9233840786014E-01-0.2482713720552E-03
 0.2547411454817E-04-0.9233841283659E-01-0.3896581074906E-02 0.2377159585004E+00
-0.6310827261780E-10-0.7976623448989E-02 0.3256287583558E-02 0.2176477481607E-01
 0.2358539654948E-01-0.3256270707133E-02-0.2176474849063E-01 0.2358538963384E-01
 0.9558716205234E-01 0.7914821342008E-03-0.2482613187162E-03 0.3256287583558E-02
-0.8953348789596E+00-0.7070334466306E-02 0.1485401591059E-02 0.7847547105737E-02
 0.1925932208788E-02 0.4345406207971E-02 0.8451875414086E-03 0.7266005115689E-01
 0.2546875752725E-04 0.2176477481607E-01-0.7070334466306E-02-0.4859131947720E-01
-0.1317489026444E-01 0.1925885417447E-02-0.1773214214333E-01-0.1031163614735E-01
 0.1161656421815E-02-0.1488512650560E-01 0.9233840786014E-01 0.2358539654948E-01
 0.1485401591059E-02-0.1317489026444E-01 0.3851432387713E-01-0.4345424578121E-02
 0.1031163331084E-01-0.1419815476589E-02-0.9558700253115E-01-0.7913830217760E-03
-0.2482713720552E-03-0.3256270707133E-02 0.7847547105737E-02 0.1925885417447E-02
-0.4345424578121E-02-0.8953340141591E+00-0.7072345000743E-02-0.1485941697049E-02
-0.8452348851951E-03-0.7266007680378E-01 0.2547411454817E-04-0.2176474849063E-01
 0.1925932208788E-02-0.1773214214333E-01 0.1031163331084E-01-0.7072345000743E-02
-0.4858411402156E-01 0.1317556073784E-01 0.1161569919512E-02-0.1488513263746E-01
-0.9233841283659E-01 0.2358538963384E-01 0.4345406207971E-02-0.1031163614735E-01
-0.1419815476589E-02-0.1485941697049E-02 0.1317556073784E-01 0.3851490078894E-01
   10   10    0  0.213150
-0.5250045113793E-01-0.1598695413325E-02-0.8825428839832E-08-0.2349582456994E-02
 0.1102436093265E+00 0.6861718978175E-03-0.7092363925571E-03-0.1102436420795E+00
-0.6864397826258E-03-0.7092856551467E-03-0.1598695413325E-02-0.3518284617132E-01
 0.1392873815419E-09-0.3665962190786E-02-0.9830719284445E-03-0.2758745664328E-02
-0.1529100576056E-02 0.9829496920349E-03 0.2759009600900E-02-0.1529070001862E-02
-0.8825428839814E-08 0.1392873815419E-09-0.9326148890600E-02-0.4478467939377E-09
 0.6867565890239E-04 0.1286184835709E-03-0.2043386980207E-03 0.6857412339550E-04
 0.1286482183433E-03 0.2043645470268E-03-0.2349582456994E-02-0.3665962190786E-02
-0.4478467939377E-09-0.3016193100396E-01 0.5653112561586E-02-0.8135444216337E-02
 0.1702923079460E-02-0.5653144835298E-02 0.8135505224886E-02 0.1702921542187E-02
 0.1102436093265E+00-0.9830719284445E-03 0.6867565890239E-04 0.5653112561586E-02
-0.1422527335751E+01-0.1215861534804E-01 0.1625972114890E-02-0.4231317921955E-01
 0.2544130022267E-02 0.6039518490951E-02 0.6861718978175E-03-0.2758745664328E-02
 0.1286184835709E-03-0.8135444216337E-02-0.1215861534804E-01-0.4556696008392E-02
 0.3397528601974E-03 0.2544165076597E-02 0.2282251972118E-02 0.4072947404018E-03
-0.7092363925571E-03-0.1529100576056E-02-0.2043386980207E-03 0.1702923079460E-02
 0.1625972114890E-02 0.3397528601974E-03-0.5657753657304E-02-0.6039548251818E-02
-0.4073353371163E-03 0.3851427340379E-02-0.1102436420795E+00 0.9829496920349E-03
 0.6857412339550E-04-0.5653144835298E-02-0.4231317921955E-01 0.2544165076597E-02
-0.6039548251818E-02-0.1422529080439E+01-0.1216179645336E-01-0.1626668437676E-02
-0.6864397826258E-03 0.2759009600900E-02 0.1286482183433E-03 0.8135505224886E-02
 0.2544130022267E-02 0.2282251972118E-02-0.4073353371163E-03-0.1216179645336E-01
-0.4556417658759E-02-0.3398103351866E-03-0.7092856551467E-03-0.1529070001862E-02
 0.2043645470268E-03 0.1702921542187E-02 0.6039518490951E-02 0.4072947404018E-03
 0.3851427340379E-02-0.1626668437676E-02-0.3398103351866E-03-0.5657785958968E-02
 0.2441227081159E+00 0.1489306514225E-01-0.1795997392503E-07-0.4193282313776E-02
 0.9510027217115E-01 0.8408026597440E-03 0.1112531864123E-02-0.9510011440971E-01
-0.8408530239127E-03 0.1112443128772E-02 0.1489306514225E-01 0.2660935391294E-01
-0.2156213568414E-08 0.2387278239866E+00 0.7694588278836E-03 0.7319778121304E-01
-0.1503630308229E-01-0.7693654838544E-03-0.7319779883386E-01-0.1503630795144E-01
-0.1795997392505E-07-0.2156213568472E-08-0.3554637289984E-01-0.6024101566219E-10
-0.2420108318238E-03 0.2394314940339E-04 0.9300949138497E-01-0.2420273504221E-03
 0.2395008191966E-04-0.9300949569628E-01-0.4193282313776E-02 0.2387278239866E+00
-0.6024101567625E-10-0.7356187799846E-02 0.3225810128679E-02 0.2210930975847E-01
 0.2379021166144E-01-0.3225793297434E-02-0.2210928188931E-01 0.2379020483032E-01
 0.9510027217115E-01 0.7694588278836E-03-0.2420108318238E-03 0.3225810128679E-02
-0.8933649396215E+00-0.7337987265887E-02 0.1590879386330E-02 0.8054505398755E-02
 0.1963267925370E-02 0.4370246774122E-02 0.8408026597440E-03 0.7319778121304E-01
 0.2394314940339E-04 0.2210930975847E-01-0.7337987265887E-02-0.4843561331394E-01
-0.1318264905627E-01 0.1963221780285E-02-0.1801016899985E-01-0.1045221042852E-01
 0.1112531864123E-02-0.1503630308229E-01 0.9300949138497E-01 0.2379021166144E-01
 0.1590879386330E-02-0.1318264905627E-01 0.3837225158709E-01-0.4370267078551E-02
 0.1045220690781E-01-0.1523486803423E-02-0.9510011440971E-01-0.7693654838544E-03
-0.2420273504221E-03-0.3225793297434E-02 0.8054505398755E-02 0.1963221780285E-02
-0.4370267078551E-02-0.8933640654985E+00-0.7339941724231E-02-0.1591359097859E-02
-0.8408530239127E-03-0.7319779883386E-01 0.2395008191966E-04-0.2210928188931E-01
 0.1963267925370E-02-0.1801016899985E-01 0.1045220690781E-01-0.7339941724231E-02
-0.4842857633347E-01 0.1318329980371E-01 0.1112443128772E-02-0.1503630795144E-01
-0.9300949569628E-01 0.2379020483032E-01 0.4370246774122E-02-0.1045221042852E-01
-0.1523486803423E-02-0.1591359097859E-02 0.1318329980371E-01 0.3837281629451E-01
   10   10    0  0.216825
-0.5302153506624E-01-0.1610027171485E-02-0.9291870853793E-08-0.2340807035408E-02
 0.1099428593342E+00 0.7171285554872E-03-0.7131373193935E-03-0.1099428932095E+00
-0.7173883066394E-03-0.7131780775767E-03-0.1610027171485E-02-0.3550217300058E-01
 0.2626506357241E-09-0.3761318670589E-02-0.9965855482294E-03-0.2822525612111E-02
-0.1549975343472E-02 0.9964603432771E-03 0.2822784755846E-02-0.1549945441309E-02
-0.9291870853784E-08 0.2626506357241E-09-0.9449117288166E-02-0.4515552272377E-09
 0.6997063369683E-04 0.1238349232936E-03-0.2033818849795E-03 0.6986737126606E-04
 0.1238638967982E-03 0.2034072755280E-03-0.2340807035408E-02-0.3761318670589E-02
-0.4515552274546E-09-0.3042136088231E-01 0.5693252290624E-02-0.8235633226532E-02
 0.1724412255952E-02-0.5693284662963E-02 0.8235693069867E-02 0.1724410879142E-02
 0.1099428593342E+00-0.9965855482294E-03 0.6997063369683E-04 0.5693252290624E-02
-0.1426871653331E+01-0.1266193142517E-01 0.1791100724029E-02-0.4209504991874E-01
 0.2582566655656E-02 0.6105831209790E-02 0.7171285554872E-03-0.2822525612111E-02
 0.1238349232936E-03-0.8235633226532E-02-0.1266193142517E-01-0.4609065592404E-02
 0.3481039661073E-03 0.2582599719370E-02 0.2323722283571E-02 0.4146445408994E-03
-0.7131373193935E-03-0.1549975343472E-02-0.2033818849795E-03 0.1724412255952E-02
 0.1791100724029E-02 0.3481039661073E-03-0.5724078953267E-02-0.6105859426478E-02
-0.4146848149566E-03 0.3905383107800E-02-0.1099428932095E+00 0.9964603432771E-03
 0.6986737126606E-04-0.5693284662963E-02-0.4209504991874E-01 0.2582599719370E-02
-0.6105859426478E-02-0.1426873391309E+01-0.1266503535107E-01-0.1791709972878E-02
-0.7173883066394E-03 0.2822784755846E-02 0.1238638967982E-03 0.8235693069867E-02
 0.2582566655656E-02 0.2323722283571E-02-0.4146848149566E-03-0.1266503535107E-01
-0.4608796833932E-02-0.3481599445662E-03-0.7131780775767E-03-0.1549945441309E-02
 0.2034072755280E-03 0.1724410879142E-02 0.6105831209790E-02 0.4146445408994E-03
 0.3905383107800E-02-0.1791709972878E-02-0.3481599445662E-03-0.5724110291438E-02
 0.2467533842797E+00 0.1514052496725E-01-0.1822105335786E-07-0.4498827451875E-02
 0.9462154783708E-01 0.8334785748070E-03 0.1061883865022E-02-0.9462139196255E-01
-0.8335313913437E-03 0.1061793273503E-02 0.1514052496725E-01 0.2640641547017E-01
-0.2160707739987E-08 0.2396848632226E+00 0.7481020725577E-03 0.7371226089683E-01
-0.1518210853926E-01-0.7480145230861E-03-0.7371227103626E-01-0.1518211218686E-01
-0.1822105335784E-07-0.2160707739991E-08-0.3561028204659E-01-0.5684911943171E-10
-0.2362785062241E-03 0.2227408885047E-04 0.9364993333246E-01-0.2363015051642E-03
 0.2228254809920E-04-0.9364993703260E-01-0.4498827451875E-02 0.2396848632226E+00
-0.5684911942751E-10-0.6695102763232E-02 0.3198750632626E-02 0.2243861749195E-01
 0.2397776769827E-01-0.3198733825922E-02-0.2243858825705E-01 0.2397776096070E-01
 0.9462154783708E-01 0.7481020725577E-03-0.2362785062241E-03 0.3198750632626E-02
-0.8913831583159E+00-0.7605637774034E-02 0.1695441327691E-02 0.8257393870764E-02
 0.2001484937652E-02 0.4397838623938E-02 0.8334785748070E-03 0.7371226089683E-01
 0.2227408885047E-04 0.2243861749195E-01-0.7605637774034E-02-0.4825177695140E-01
-0.1319569222017E-01 0.2001439335367E-02-0.1827454998011E-01-0.1058411952810E-01
 0.1061883865022E-02-0.1518210853926E-01 0.9364993333246E-01 0.2397776769827E-01
 0.1695441327691E-02-0.1319569222017E-01 0.3828253644210E-01-0.4397860797226E-02
 0.1058411539224E-01-0.1626866646146E-02-0.9462139196255E-01-0.7480145230861E-03
-0.2363015051642E-03-0.3198733825922E-02 0.8257393870764E-02 0.2001439335367E-02
-0.4397860797226E-02-0.8913822758537E+00-0.7607534996882E-02-0.1695859828517E-02
-0.8335313913437E-03-0.7371227103626E-01 0.2228254809920E-04-0.2243858825705E-01
 0.2001484937652E-02-0.1827454998011E-01 0.1058411539224E-01-0.7607534996882E-02
-0.4824491420178E-01 0.1319632199346E-01 0.1061793273503E-02-0.1518211218686E-01
-0.9364993703260E-01 0.2397776096070E-01 0.4397838623938E-02-0.1058411952810E-01
-0.1626866646146E-02-0.1695859828517E-02 0.1319632199346E-01 0.3828308866985E-01
   10   10    0  0.220500
-0.5356557654716E-01-0.1621566583022E-02-0.9717030694239E-08-0.2330638711990E-02
