                  12                   1               47851                   1               47850
T-Matrices                                                  
    7    3    2   31    2    1    0    0   10   31   31     0.00000000
    1    3   -2  0.000000
    2    2   -2  0.181000
    2    4   -2  0.181000
    2    4   -4  0.181000
    3    2   -1  0.203600
    3    4   -3  0.203600
    3    4   -1  0.203600
    4    2    1  0.203600
    4    4    1  0.203600
    4    4    3  0.203600
    5    2    1  0.777200
    5    4    1  0.777200
    5    4    3  0.777200
    6    2   -1  0.777200
    6    4   -3  0.777200
    6    4   -1  0.777200
    7    1   -1  0.810800
    7    3   -1  0.810800
    7    3   -3  0.810800
    8    1    1  0.810800
    8    3    1  0.810800
    8    3    3  0.810800
    9    2   -2  0.837800
    9    4   -2  0.837800
    9    4   -4  0.837800
   10    0    0  0.929400
   10    2    0  0.929400
   10    2    2  0.929400
   10    4    0  0.929400
   10    4    4  0.929400
   10    4    2  0.929400
    1   99     0.00735000     0.00367500
    1    1    0  0.007350
-0.1563700808161E-02
 0.5590130996770E-01
    1    1    0  0.011025
-0.1766822193775E-02
 0.5941820198294E-01
    1    1    0  0.014700
-0.2008167092850E-02
 0.6334273005347E-01
    1    1    0  0.018375
-0.2297190107814E-02
 0.6774291943249E-01
    1    1    0  0.022050
-0.2646697367540E-02
 0.7270756307376E-01
    1    1    0  0.025725
-0.3074470569104E-02
 0.7835488988524E-01
    1    1    0  0.029400
-0.3605923587865E-02
 0.8484600456597E-01
    1    1    0  0.033075
-0.4278629352883E-02
 0.9240645018951E-01
    1    1    0  0.036750
-0.5150417487360E-02
 0.1013622620822E+00
    1    1    0  0.040425
-0.6314730986972E-02
 0.1122033250243E+00
    1    1    0  0.044100
-0.7931912355247E-02
 0.1257016685525E+00
    1    1    0  0.047775
-0.1029894688743E-01
 0.1431496610820E+00
    1    1    0  0.051450
-0.1402420428161E-01
 0.1668883766399E+00
    1    1    0  0.055125
-0.2054050611558E-01
 0.2016410172551E+00
    1    1    0  0.058800
-0.3400137403403E-01
 0.2585472000078E+00
    1    1    0  0.062475
-0.7145562052107E-01
 0.3712214101289E+00
    1    1    0  0.066150
-0.2783748546248E+00
 0.6922840093215E+00
    1    1    0  0.069825
-0.1351971147768E+01
-0.9360108499044E+00
    1    1    0  0.073500
-0.8817685088791E-01
-0.4105831764007E+00
    1    1    0  0.077175
-0.1956279780044E-01
-0.1968321430638E+00
    1    1    0  0.080850
-0.5769452086224E-02
-0.1072642419219E+00
    1    1    0  0.084525
-0.1502661027512E-02
-0.5480021956945E-01
    1    1    0  0.088200
-0.1270556444640E-03
-0.1594036215998E-01
    1    1    0  0.091875
-0.2275404194277E-03
 0.2133141027248E-01
    1    1    0  0.095550
-0.3053652560275E-02
 0.7808956605457E-01
    1    1    0  0.099225
-0.2473853082190E+00
 0.6584611801127E+00
    1    1    0  0.102900
-0.2767321544042E-02
-0.7434369522398E-01
    1    1    0  0.106575
-0.3881029457228E-04
 0.8810169289270E-02
    1    1    0  0.110250
-0.1650424115115E-02
 0.5742929853716E-01
    1    1    0  0.113925
-0.9450840541491E-02
 0.1371581667129E+00
    1    1    0  0.117600
-0.7262781310322E+00
 0.9618088887345E+00
    1    1    0  0.121275
-0.8552252969559E-02
-0.1305042716093E+00
    1    1    0  0.124950
-0.5637123209256E-03
-0.3357241233916E-01
    1    1    0  0.128625
-0.2404686048054E-04
 0.6934921968529E-02
    1    1    0  0.132300
-0.7487284087817E-03
 0.3868974312829E-01
    1    1    0  0.135975
-0.3305922875665E-02
 0.8124602528906E-01
    1    1    0  0.139650
-0.4377397513543E-01
 0.2926290986415E+00
    1    1    0  0.143325
-0.3544008961445E-03
 0.2662097279015E-01
    1    1    0  0.147000
-0.1842141807333E-03
-0.1919360379403E-01
    1    1    0  0.150675
-0.2178523127931E-02
 0.6597196596164E-01
    1    1    0  0.154350
-0.1480750979739E-02
-0.5439953433638E-01
    1    1    0  0.158025
-0.1526108545501E-02
 0.5522579183416E-01
    1    1    0  0.161700
-0.1300599230420E-06
-0.5100194399907E-03
    1    1    0  0.165375
-0.1211416197576E+01
-0.9773961281910E+00
    1    1    0  0.169050
-0.6353400802351E-03
-0.3564093858827E-01
    1    1    0  0.172725
-0.1642326250455E-01
-0.1804904469988E+00
    1    1    0  0.176400
-0.1007734896575E-01
 0.1416091274224E+00
    1    1    0  0.180075
-0.1364480637587E-01
 0.1646311999917E+00
    4    4    0  0.183750
-0.5617209506952E-01 0.4758313146067E-01 0.7445147210087E-02-0.1180448290824E-04
 0.4758313146067E-01-0.5812070611366E-01-0.1463117900947E-01 0.5674354153825E-05
 0.7445147210087E-02-0.1463117900947E-01-0.5844921909391E-02-0.6509436514571E-06
-0.1180448290824E-04 0.5674354153825E-05-0.6509436514571E-06-0.2340713773930E-03
 0.1419747240313E+00-0.2745627654213E+00-0.1064319814972E+00-0.3692042252515E-05
-0.2745627654213E+00 0.1869694580936E+00-0.6547861396489E-02-0.7080022554444E-04
-0.1064319814972E+00-0.6547861396489E-02 0.3941664394446E-02-0.3460572550116E-04
-0.3692042252515E-05-0.7080022554444E-04-0.3460572550116E-04-0.2163519284751E-01
    4    4    0  0.187425
-0.3895672200054E-01 0.3107916067633E-01 0.2314682484188E-02-0.1241142652416E-04
 0.3107916067633E-01-0.5020743698263E-01-0.1238361335388E-01 0.3440151401711E-04
 0.2314682484188E-02-0.1238361335388E-01-0.5354703001767E-02 0.1162835517347E-04
-0.1241142652416E-04 0.3440151401711E-04 0.1162835517347E-04-0.2318084862345E-03
 0.5511129530991E-01-0.2488699293519E+00-0.1022301181024E+00 0.2280813464922E-03
-0.2488699293519E+00 0.1864985379902E+00-0.7541086532109E-02-0.5959203573893E-04
-0.1022301181024E+00-0.7541086532109E-02 0.3762486173355E-02-0.7338976601883E-05
 0.2280813464922E-03-0.5959203573893E-04-0.7338976601883E-05-0.2152919270192E-01
    4    4    0  0.191100
-0.3959416538572E-01 0.3273127510379E-01 0.2805850262102E-02-0.1577793674306E-04
 0.3273127510379E-01-0.5101624678745E-01-0.1250918031563E-01 0.5943522947244E-04
 0.2805850262102E-02-0.1250918031563E-01-0.5482410574834E-02 0.2256107419127E-04
-0.1577793674306E-04 0.5943522947244E-04 0.2256107419127E-04-0.2307281250332E-03
 0.6378786418384E-01-0.2485438360429E+00-0.1034326341756E+00 0.4284387279548E-03
-0.2485438360429E+00 0.1907076182634E+00-0.7653761690012E-02-0.4977317856595E-04
-0.1034326341756E+00-0.7653761690012E-02 0.3677133829652E-02 0.1527655261559E-04
 0.4284387279548E-03-0.4977317856595E-04 0.1527655261559E-04-0.2147585745950E-01
    4    4    0  0.194775
-0.3707855832197E-01 0.3028889184410E-01 0.1926034991485E-02-0.1327822535083E-04
 0.3028889184410E-01-0.5001728796306E-01-0.1209504810502E-01 0.2661981359576E-04
 0.1926034991485E-02-0.1209504810502E-01-0.5447576328949E-02 0.7788694409899E-05
-0.1327822535083E-04 0.2661981359576E-04 0.7788694409899E-05-0.2339779640331E-03
 0.4835317657304E-01-0.2426572373440E+00-0.1031531935742E+00 0.1566389600824E-03
-0.2426572373440E+00 0.1937089220960E+00-0.7965640720983E-02-0.7872356899436E-04
-0.1031531935742E+00-0.7965640720983E-02 0.3382835427310E-02-0.1891391242417E-04
 0.1566389600824E-03-0.7872356899436E-04-0.1891391242417E-04-0.2163028307463E-01
    4    4    0  0.198450
-0.3874418629996E-01 0.3320952744408E-01 0.2838107536899E-02-0.1737755995480E-04
 0.3320952744408E-01-0.5151045148730E-01-0.1237074183357E-01 0.6032271134127E-04
 0.2838107536899E-02-0.1237074183357E-01-0.5586769863261E-02 0.2295421295794E-04
-0.1737755995480E-04 0.6032271134127E-04 0.2295421295794E-04-0.2337742661306E-03
 0.6449110699400E-01-0.2445608212500E+00-0.1044368088574E+00 0.4330615930332E-03
-0.2445608212500E+00 0.1980872051343E+00-0.7945123311564E-02-0.6036510539160E-04
-0.1044368088574E+00-0.7945123311564E-02 0.3326395279484E-02 0.1264584960470E-04
 0.4330615930332E-03-0.6036510539160E-04 0.1264584960470E-04-0.2161707815459E-01
    4    4    0  0.202125
-0.4050389817106E-01 0.3574867069754E-01 0.3522854324447E-02-0.1135345258975E-04
 0.3574867069754E-01-0.5319731888565E-01-0.1268673169588E-01-0.3677863118632E-04
 0.3522854324447E-02-0.1268673169588E-01-0.5726066338158E-02-0.2248152029396E-04
-0.1135345258975E-04-0.3677863118632E-04-0.2248152029396E-04-0.2441240138877E-03
 0.7648829607619E-01-0.2470836390947E+00-0.1057161941294E+00-0.3932439803138E-03
-0.2470836390947E+00 0.2025168836311E+00-0.7894758295376E-02-0.1448853493155E-03
-0.1057161941294E+00-0.7894758295376E-02 0.2780672088081E-02-0.8731823559022E-04
-0.3932439803138E-03-0.1448853493155E-03-0.8731823559022E-04-0.2209079417285E-01
   10   10    0  0.205800
-0.4598131604430E-01 0.3385954241137E-01 0.2663473232485E-02-0.8640516189166E-04
 0.3403785565037E-01-0.1189372996202E-02 0.3232760146884E-03 0.3345751554752E-01
 0.3105206797617E-03 0.1447508186500E-02 0.3385954241137E-01-0.5157711952721E-01
-0.1197764239032E-01 0.1869232255264E-04 0.3026020687545E-02 0.1046213361870E-02
-0.3090654451565E-03 0.1948026210497E-02-0.1337405210705E-02-0.3814227336439E-02
 0.2663473232485E-02-0.1197764239032E-01-0.5579921101351E-02-0.1952937087978E-05
 0.2438728129454E-02 0.2411046139543E-03-0.8621583820972E-04 0.1312309438609E-02
-0.5796279510071E-03-0.1538617230310E-02-0.8640516189166E-04 0.1869232255264E-04
-0.1952937087978E-05-0.2741154321693E-03-0.1514179043186E-04-0.3542090125858E-04
-0.1578040451443E-04 0.3574756365093E-05 0.1630145609409E-04-0.3422884627434E-04
 0.3403785565037E-01 0.3026020687545E-02 0.2438728129454E-02-0.1514179043186E-04
-0.4309458034618E+00-0.3726844697934E-03-0.1775670702647E-02 0.8823216396485E-01
 0.2796162661920E-03-0.4710746107136E-03-0.1189372996202E-02 0.1046213361870E-02
 0.2411046139543E-03-0.3542090125858E-04-0.3726844697934E-03-0.1412171301520E-03
-0.5013638689659E-04 0.2165834298697E-02 0.1693294900746E-04 0.7480085729994E-04
 0.3232760146884E-03-0.3090654451565E-03-0.8621583820972E-04-0.1578040451443E-04
-0.1775670702647E-02-0.5013638689659E-04-0.3099643288522E-03-0.3481402209740E-03
 0.3579817673556E-04-0.7881513757256E-05 0.3345751554752E-01 0.1948026210497E-02
 0.1312309438609E-02 0.3574756365093E-05 0.8823216396485E-01 0.2165834298697E-02
-0.3481402209740E-03-0.4290515551724E+00-0.1212825469301E-02 0.1876501427695E-02
 0.3105206797617E-03-0.1337405210705E-02-0.5796279510071E-03 0.1630145609409E-04
 0.2796162661920E-03 0.1693294900746E-04 0.3579817673556E-04-0.1212825469301E-02
-0.3592262979429E-03-0.9049691107011E-04 0.1447508186500E-02-0.3814227336439E-02
-0.1538617230310E-02-0.3422884627434E-04-0.4710746107136E-03 0.7480085729994E-04
-0.7881513757256E-05 0.1876501427695E-02-0.9049691107011E-04-0.5430974280623E-03
 0.4971955241901E-01-0.2361580893089E+00-0.1033715132957E+00 0.1308799386583E-03
 0.9087732614526E-01 0.4229461265360E-02-0.4162007371640E-03 0.9087230021014E-01
-0.9607320484223E-02-0.2928991735168E-01-0.2361580893089E+00 0.2035979392153E+00
-0.8521294145957E-02-0.9209380482932E-04-0.2927196251962E-01-0.4005797050964E-02
 0.1555576754768E-02-0.3162550456890E-01 0.6352927556683E-03 0.1533999303362E-02
-0.1033715132957E+00-0.8521294145957E-02 0.2707867992291E-02-0.2191752729123E-04
-0.7169561820121E-02-0.4892165966603E-02-0.3919713325948E-02-0.9060189152228E-02
-0.5066571641735E-02 0.1907293427489E-02 0.1308799386583E-03-0.9209380482932E-04
-0.2191752729123E-04-0.2202647495531E-01 0.8937242398369E-05-0.5591682864030E-02
 0.3389748030447E-05-0.1220750727074E-04-0.2618001104247E-05-0.5629020188102E-02
 0.9087732614526E-01-0.2927196251962E-01-0.7169561820121E-02 0.8937242398369E-05
-0.8082665129129E+00 0.5975616077202E-03-0.3570604473893E-02 0.6872066560221E-01
-0.9591086860188E-03-0.4108983887462E-02 0.4229461265360E-02-0.4005797050964E-02
-0.4892165966603E-02-0.5591682864030E-02 0.5975616077202E-03 0.9420267082905E-02
-0.8148111605566E-02 0.4949456883395E-02-0.2422306904831E-02 0.1332199021816E-03
-0.4162007371640E-03 0.1555576754768E-02-0.3919713325948E-02 0.3389748030447E-05
-0.3570604473893E-02-0.8148111605566E-02-0.2239291814963E-01-0.1256429987178E-02
 0.3207602601549E-02 0.2436912851975E-02 0.9087230021014E-01-0.3162550456890E-01
-0.9060189152229E-02-0.1220750727074E-04 0.6872066560221E-01 0.4949456883395E-02
-0.1256429987178E-02-0.8068445636395E+00-0.3380503411047E-02-0.1186029639313E-03
-0.9607320484223E-02 0.6352927556683E-03-0.5066571641735E-02-0.2618001104247E-05
-0.9591086860188E-03-0.2422306904831E-02 0.3207602601549E-02-0.3380503411047E-02
-0.2244229326967E-01 0.8000530573658E-02-0.2928991735168E-01 0.1533999303362E-02
 0.1907293427489E-02-0.5629020188102E-02-0.4108983887462E-02 0.1332199021816E-03
 0.2436912851975E-02-0.1186029639313E-03 0.8000530573658E-02 0.8982879014325E-02
   10   10    0  0.209475
-0.4567225480754E-01 0.3420780968679E-01 0.2707343393862E-02-0.9155050548613E-04
 0.3431602201227E-01-0.1215937754820E-02 0.3288983794375E-03 0.3335748043098E-01
 0.3108851133985E-03 0.1474901068846E-02 0.3420780968679E-01-0.5199075319279E-01
-0.1188807905822E-01 0.1860473556041E-04 0.2990177432389E-02 0.1075172716683E-02
-0.3197454651942E-03 0.1810434797321E-02-0.1338079333552E-02-0.3813630212707E-02
 0.2707343393862E-02-0.1188807905822E-01-0.5579294640513E-02-0.2479459255492E-05
 0.2411011029015E-02 0.2501252131782E-03-0.9185425336051E-04 0.1238426929011E-02
-0.5865719972292E-03-0.1549527205856E-02-0.9155050548613E-04 0.1860473556041E-04
-0.2479459255492E-05-0.2822421089712E-03-0.1595678610671E-04-0.3783087938662E-04
-0.1632205161897E-04 0.4591473200835E-05 0.1679939005606E-04-0.3671221722142E-04
 0.3431602201227E-01 0.2990177432389E-02 0.2411011029015E-02-0.1595678610671E-04
-0.4350569172289E+00-0.3481660822747E-03-0.1920941746630E-02 0.8858981638530E-01
 0.2954718206936E-03-0.5003275267760E-03-0.1215937754820E-02 0.1075172716683E-02
 0.2501252131782E-03-0.3783087938662E-04-0.3481660822747E-03-0.1469126427775E-03
-0.5038684966223E-04 0.2217852315298E-02 0.1731635175905E-04 0.7781909804480E-04
 0.3288983794375E-03-0.3197454651942E-03-0.9185425336051E-04-0.1632205161897E-04
-0.1920941746630E-02-0.5038684966223E-04-0.3147548349560E-03-0.3405069001699E-03
 0.3806350361624E-04-0.7875011536195E-05 0.3335748043098E-01 0.1810434797321E-02
 0.1238426929011E-02 0.4591473200835E-05 0.8858981638530E-01 0.2217852315298E-02
-0.3405069001699E-03-0.4330818364043E+00-0.1355330786725E-02 0.1856619135873E-02
 0.3108851133985E-03-0.1338079333552E-02-0.5865719972292E-03 0.1679939005606E-04
 0.2954718206936E-03 0.1731635175905E-04 0.3806350361624E-04-0.1355330786725E-02
-0.3644174083737E-03-0.9156763155375E-04 0.1474901068846E-02-0.3813630212707E-02
-0.1549527205856E-02-0.3671221722142E-04-0.5003275267760E-03 0.7781909804480E-04
-0.7875011536195E-05 0.1856619135873E-02-0.9156763155375E-04-0.5529831813765E-03
 0.5074889590089E-01-0.2348720587308E+00-0.1033345194277E+00 0.1311215937148E-03
 0.9084580964812E-01 0.4407369951447E-02-0.4386682641650E-03 0.9017804691511E-01
-0.9643026229185E-02-0.2951019852796E-01-0.2348720587308E+00 0.2069695865296E+00
-0.8580098816082E-02-0.9765977836341E-04-0.2914473999946E-01-0.4013652640525E-02
 0.1560222497915E-02-0.3149437867608E-01 0.5954620943495E-03 0.1422766911544E-02
-0.1033345194277E+00-0.8580098816082E-02 0.2487576249039E-02-0.2281052609678E-04
-0.7197901936370E-02-0.5115501596439E-02-0.4184927490836E-02-0.9075596318201E-02
-0.5329723856806E-02 0.2132629563257E-02 0.1311215937148E-03-0.9765977836341E-04
-0.2281052609678E-04-0.2221636779400E-01 0.8807988609111E-05-0.5931682349722E-02
 0.3101620551393E-05-0.1278886603034E-04-0.2277455705754E-05-0.5967651149320E-02
 0.9084580964812E-01-0.2914473999946E-01-0.7197901936370E-02 0.8807988609111E-05
-0.8111413643334E+00 0.6806003233848E-03-0.3823649141767E-02 0.6824011738115E-01
-0.9633223209067E-03-0.4176136335354E-02 0.4407369951447E-02-0.4013652640525E-02
-0.5115501596439E-02-0.5931682349722E-02 0.6806003233848E-03 0.9480021598861E-02
-0.8162335782343E-02 0.5051141772556E-02-0.2581785755717E-02 0.1768962970206E-03
-0.4386682641650E-03 0.1560222497915E-02-0.4184927490836E-02 0.3101620551393E-05
-0.3823649141767E-02-0.8162335782343E-02-0.2244679732033E-01-0.1272817667218E-02
 0.3431066724924E-02 0.2597327268896E-02 0.9017804691511E-01-0.3149437867608E-01
-0.9075596318201E-02-0.1278886603034E-04 0.6824011738115E-01 0.5051141772556E-02
-0.1272817667218E-02-0.8097681459847E+00-0.3621959898685E-02-0.1712947507388E-03
-0.9643026229185E-02 0.5954620943495E-03-0.5329723856806E-02-0.2277455705754E-05
-0.9633223209067E-03-0.2581785755717E-02 0.3431066724924E-02-0.3621959898685E-02
-0.2249822678917E-01 0.8008313386904E-02-0.2951019852796E-01 0.1422766911544E-02
 0.2132629563257E-02-0.5967651149320E-02-0.4176136335354E-02 0.1768962970206E-03
 0.2597327268896E-02-0.1712947507388E-03 0.8008313386904E-02 0.9022761421454E-02
   10   10    0  0.213150
-0.4538283944844E-01 0.3455448575859E-01 0.2746918846429E-02-0.9646666284499E-04
 0.3458650527640E-01-0.1241343874684E-02 0.3349619789501E-03 0.3327319417982E-01
 0.3112365104588E-03 0.1499613655545E-02 0.3455448575859E-01-0.5242599244534E-01
-0.1179132753926E-01 0.1844575289940E-04 0.2957622014404E-02 0.1102953969954E-02
-0.3301385816413E-03 0.1681256909430E-02-0.1336427501373E-02-0.3806185279143E-02
 0.2746918846429E-02-0.1179132753926E-01-0.5564679406142E-02-0.3012319005154E-05
 0.2379064254395E-02 0.2586420913849E-03-0.9776396901555E-04 0.1164431908708E-02
-0.5919832012355E-03-0.1555063506628E-02-0.9646666284499E-04 0.1844575289940E-04
-0.3012319005154E-05-0.2912484211055E-03-0.1671733573454E-04-0.4041785480060E-04
-0.1683687953768E-04 0.5614546486381E-05 0.1726549333727E-04-0.3938681807196E-04
 0.3458650527640E-01 0.2957622014404E-02 0.2379064254395E-02-0.1671733573454E-04
-0.4391323815152E+00-0.3196163945341E-03-0.2072464100241E-02 0.8893539702841E-01
 0.3114925094645E-03-0.5295143784485E-03-0.1241343874684E-02 0.1102953969954E-02
 0.2586420913849E-03-0.4041785480060E-04-0.3196163945341E-03-0.1526420730728E-03
-0.5097773656255E-04 0.2266123475233E-02 0.1756111567165E-04 0.8073882518196E-04
 0.3349619789501E-03-0.3301385816413E-03-0.9776396901555E-04-0.1683687953768E-04
-0.2072464100241E-02-0.5097773656255E-04-0.3210195682407E-03-0.3313497419494E-03
 0.4046132374738E-04-0.7746614938248E-05 0.3327319417982E-01 0.1681256909430E-02
 0.1164431908708E-02 0.5614546486381E-05 0.8893539702841E-01 0.2266123475233E-02
-0.3313497419494E-03-0.4370796040488E+00-0.1505101285847E-02 0.1829865523389E-02
 0.3112365104588E-03-0.1336427501373E-02-0.5919832012355E-03 0.1726549333727E-04
 0.3114925094645E-03 0.1756111567165E-04 0.4046132374738E-04-0.1505101285847E-02
-0.3708544094297E-03-0.9166146595762E-04 0.1499613655545E-02-0.3806185279143E-02
-0.1555063506628E-02-0.3938681807196E-04-0.5295143784485E-03 0.8073882518196E-04
-0.7746614938248E-05 0.1829865523389E-02-0.9166146595762E-04-0.5611122565731E-03
 0.5174839076326E-01-0.2337079829009E+00-0.1031640987112E+00 0.1310308342278E-03
 0.9081122804700E-01 0.4584855922427E-02-0.4621221574364E-03 0.8953007869823E-01
-0.9656967742648E-02-0.2966829142189E-01-0.2337079829009E+00 0.2102381252907E+00
-0.8618211563449E-02-0.1029886649286E-03-0.2902470802253E-01-0.4012948862935E-02
 0.1561653758458E-02-0.3137692520229E-01 0.5541029189316E-03 0.1307594045537E-02
-0.1031640987112E+00-0.8618211563449E-02 0.2257373990287E-02-0.2368563350059E-04
-0.7219020323158E-02-0.5338201853432E-02-0.4450102121582E-02-0.9082749044775E-02
-0.5590613344852E-02 0.2363202822441E-02 0.1310308342278E-03-0.1029886649286E-03
-0.2368563350059E-04-0.2243374901955E-01 0.8651515304642E-05-0.6271438469074E-02
 0.2793875004997E-05-0.1332217010318E-04-0.1922590231421E-05-0.6306000936273E-02
 0.9081122804700E-01-0.2902470802253E-01-0.7219020323158E-02 0.8651515304642E-05
-0.8139615752472E+00 0.7692748139434E-03-0.4085031021009E-02 0.6776254918927E-01
-0.9664830520517E-03-0.4236905277267E-02 0.4584855922427E-02-0.4012948862935E-02
-0.5338201853432E-02-0.6271438469074E-02 0.7692748139434E-03 0.9519255331294E-02
-0.8184519626374E-02 0.5145215022273E-02-0.2742209301481E-02 0.2205908172937E-03
-0.4621221574364E-03 0.1561653758458E-02-0.4450102121582E-02 0.2793875004997E-05
-0.4085031021009E-02-0.8184519626374E-02-0.2255069109107E-01-0.1287701351177E-02
 0.3655710465234E-02 0.2758662032855E-02 0.8953007869823E-01-0.3137692520229E-01
-0.9082749044775E-02-0.1332217010318E-04 0.6776254918927E-01 0.5145215022273E-02
-0.1287701351177E-02-0.8126323841978E+00-0.3872161850999E-02-0.2306916654902E-03
-0.9656967742648E-02 0.5541029189316E-03-0.5590613344852E-02-0.1922590231421E-05
-0.9664830520517E-03-0.2742209301481E-02 0.3655710465234E-02-0.3872161850999E-02
-0.2260399979798E-01 0.8024552966700E-02-0.2966829142189E-01 0.1307594045537E-02
 0.2363202822441E-02-0.6306000936273E-02-0.4236905277267E-02 0.2205908172937E-03
 0.2758662032855E-02-0.2306916654902E-03 0.8024552966700E-02 0.9043540549694E-02
   10   10    0  0.216825
-0.4511198445040E-01 0.3489967468339E-01 0.2782433952860E-02-0.1011299102868E-03
 0.3484933344275E-01-0.1265493840749E-02 0.3412492300191E-03 0.3320457458844E-01
 0.3114061332432E-03 0.1521551331342E-02 0.3489967468339E-01-0.5287982862541E-01
-0.1168860499224E-01 0.1821839922534E-04 0.2928153616709E-02 0.1129575199880E-02
-0.3401497793136E-03 0.1560161531741E-02-0.1332587202341E-02-0.3792575747449E-02
 0.2782433952860E-02-0.1168860499224E-01-0.5537372838333E-02-0.3546423474932E-05
 0.2343189837911E-02 0.2666239481043E-03-0.1039028882171E-03 0.1090690967323E-02
-0.5959620469560E-03-0.1555610543010E-02-0.1011299102868E-03 0.1821839922534E-04
-0.3546423474932E-05-0.3011077882387E-03-0.1742997586878E-04-0.4320477498918E-04
-0.1731818595362E-04 0.6647199525023E-05 0.1769367497087E-04-0.4227398963789E-04
 0.3484933344275E-01 0.2928153616709E-02 0.2343189837911E-02-0.1742997586878E-04
-0.4431700471854E+00-0.2886751082329E-03-0.2227680297167E-02 0.8926899739098E-01
 0.3275133274697E-03-0.5586980114293E-03-0.1265493840749E-02 0.1129575199880E-02
 0.2666239481043E-03-0.4320477498918E-04-0.2886751082329E-03-0.1583525560647E-03
-0.5186709325474E-04 0.2310906040834E-02 0.1764102212275E-04 0.8354090142310E-04
 0.3412492300191E-03-0.3401497793136E-03-0.1039028882171E-03-0.1731818595362E-04
-0.2227680297167E-02-0.5186709325474E-04-0.3285132572298E-03-0.3209057362113E-03
 0.4299756688221E-04-0.7469779398804E-05 0.3320457458844E-01 0.1560161531741E-02
 0.1090690967323E-02 0.6647199525023E-05 0.8926899739098E-01 0.2310906040834E-02
-0.3209057362113E-03-0.4410427116197E+00-0.1659488572175E-02 0.1798145035659E-02
 0.3114061332432E-03-0.1332587202341E-02-0.5959620469560E-03 0.1769367497087E-04
 0.3275133274697E-03 0.1764102212275E-04 0.4299756688221E-04-0.1659488572175E-02
-0.3783076904280E-03-0.9086530007640E-04 0.1521551331342E-02-0.3792575747449E-02
-0.1555610543010E-02-0.4227398963789E-04-0.5586980114293E-03 0.8354090142310E-04
-0.7469779398804E-05 0.1798145035659E-02-0.9086530007640E-04-0.5675612675302E-03
 0.5271894861577E-01-0.2326584706376E+00-0.1028717614866E+00 0.1306347966558E-03
 0.9077359291945E-01 0.4761877157808E-02-0.4863152998754E-03 0.8892712826355E-01
-0.9650669016911E-02-0.2976900882888E-01-0.2326584706376E+00 0.2134050201079E+00
-0.8636338282025E-02-0.1080603184483E-03-0.2891129637288E-01-0.4004510547636E-02
 0.1560172589064E-02-0.3127196727650E-01 0.5116023657589E-03 0.1189561509336E-02
-0.1028717614866E+00-0.8636338282025E-02 0.2017899781776E-02-0.2453957664881E-04
-0.7233691209283E-02-0.5560067217887E-02-0.4714735580503E-02-0.9082489656533E-02
-0.5848896845682E-02 0.2598434926809E-02 0.1306347966558E-03-0.1080603184483E-03
-0.2453957664881E-04-0.2267701119087E-01 0.8470245536903E-05-0.6610376514241E-02
 0.2469683205149E-05-0.1380497371263E-04-0.1557098156515E-05-0.6643507686699E-02
 0.9077359291945E-01-0.2891129637288E-01-0.7233691209283E-02 0.8470245536903E-05
-0.8167268110755E+00 0.8603422187550E-03-0.4349879958244E-02 0.6728824505154E-01
-0.9683965197115E-03-0.4291573957735E-02 0.4761877157808E-02-0.4004510547636E-02
-0.5560067217887E-02-0.6610376514241E-02 0.8603422187550E-03 0.9535731413782E-02
-0.8211657623684E-02 0.5231896338244E-02-0.2903244551125E-02 0.2642175160970E-03
-0.4863152998754E-03 0.1560172589064E-02-0.4714735580503E-02 0.2469683205149E-05
-0.4349879958244E-02-0.8211657623684E-02-0.2269511422006E-01-0.1300866718404E-02
 0.3881077133173E-02 0.2920587497918E-02 0.8892712826355E-01-0.3127196727650E-01
-0.9082489656533E-02-0.1380497371263E-04 0.6728824505154E-01 0.5231896338244E-02
-0.1300866718404E-02-0.8154372145164E+00-0.4126258436514E-02-0.2936284530375E-03
-0.9650669016911E-02 0.5116023657589E-03-0.5848896845682E-02-0.1557098156515E-05
-0.9683965197115E-03-0.2903244551125E-02 0.3881077133173E-02-0.4126258436514E-02
-0.2275011932833E-01 0.8046264307286E-02-0.2976900882888E-01 0.1189561509336E-02
 0.2598434926809E-02-0.6643507686699E-02-0.4291573957735E-02 0.2642175160970E-03
 0.2920587497918E-02-0.2936284530375E-03 0.8046264307286E-02 0.9043027724003E-02
   10   10    0  0.220500
-0.4485870177333E-01 0.3524342587433E-01 0.2814166590138E-02-0.1055199807600E-03
 0.3510468252124E-01-0.1288383278683E-02 0.3476803877234E-03 0.3315157224040E-01
 0.3113662411202E-03 0.1540750286713E-02 0.3524342587433E-01-0.5334946800116E-01
-0.1158101752169E-01 0.1792609619069E-04 0.2901535788140E-02 0.1155090989893E-02
-0.3497354364820E-03 0.1446785277639E-02-0.1326730138466E-02-0.3773464610417E-02
 0.2814166590138E-02-0.1158101752169E-01-0.5498662802948E-02-0.4076850638286E-05
 0.2303672493450E-02 0.2740521035404E-03-0.1102502750895E-03 0.1017500932404E-02
-0.5986347953765E-03-0.1551566311169E-02-0.1055199807600E-03 0.1792609619069E-04
-0.4076850638286E-05-0.3117943758522E-03-0.1809702377036E-04-0.4621091475495E-04
-0.1776262827655E-04 0.7688099925591E-05 0.1808126319833E-04-0.4539128696705E-04
 0.3510468252124E-01 0.2901535788140E-02 0.2303672493450E-02-0.1809702377036E-04
-0.4471704115689E+00-0.2561552981104E-03-0.2385330922120E-02 0.8959093064375E-01
 0.3434758254286E-03-0.5878784436233E-03-0.1288383278683E-02 0.1155090989893E-02
 0.2740521035404E-03-0.4621091475495E-04-0.2561552981104E-03-0.1640162424238E-03
-0.5303325106884E-04 0.2352391224126E-02 0.1753756397031E-04 0.8621921206155E-04
 0.3476803877234E-03-0.3497354364820E-03-0.1102502750895E-03-0.1776262827655E-04
-0.2385330922120E-02-0.5303325106884E-04-0.3371159455649E-03-0.3093037202778E-03
 0.4568316469408E-04-0.7024913018944E-05 0.3315157224040E-01 0.1446785277639E-02
 0.1017500932404E-02 0.7688099925591E-05 0.8959093064375E-01 0.2352391224126E-02
-0.3093037202778E-03-0.4449716490890E+00-0.1817148007466E-02 0.1762513679893E-02
 0.3113662411202E-03-0.1326730138466E-02-0.5986347953765E-03 0.1808126319833E-04
 0.3434758254286E-03 0.1753756397031E-04 0.4568316469408E-04-0.1817148007466E-02
-0.3866733046388E-03-0.8924694340996E-04 0.1540750286713E-02-0.3773464610417E-02
-0.1551566311169E-02-0.4539128696705E-04-0.5878784436233E-03 0.8621921206155E-04
-0.7024913018944E-05 0.1762513679893E-02-0.8924694340996E-04-0.5724355412089E-03
 0.5366154528618E-01-0.2317161512959E+00-0.1024686167580E+00 0.1299618858680E-03
 0.9073288477445E-01 0.4938427135392E-02-0.5110697575634E-03 0.8836781454636E-01
-0.9625652996907E-02-0.2981700075536E-01-0.2317161512959E+00 0.2164721092258E+00
-0.8635070501597E-02-0.1128566055602E-03-0.2880395804431E-01-0.3989117778261E-02
 0.1556065977952E-02-0.3117837481881E-01 0.4683246171759E-03 0.1069675933204E-02
-0.1024686167580E+00-0.8635070501597E-02 0.1769864660501E-02-0.2536879810124E-04
-0.7242658579878E-02-0.5780892970904E-02-0.4978363327151E-02-0.9075621536410E-02
-0.6104262313848E-02 0.2837749020509E-02 0.1299618858680E-03-0.1128566055602E-03
-0.2536879810124E-04-0.2294460406244E-01 0.8266701928697E-05-0.6947953657921E-02
 0.2132254724815E-05-0.1423539532163E-04-0.1184591591202E-05-0.6979640093828E-02
 0.9073288477445E-01-0.2880395804431E-01-0.7242658579878E-02 0.8266701928697E-05
-0.8194385369228E+00 0.9522492771006E-03-0.4615826267809E-02 0.6681720909746E-01
-0.9690173288995E-03-0.4340509752087E-02 0.4938427135392E-02-0.3989117778261E-02
-0.5780892970904E-02-0.6947953657921E-02 0.9522492771006E-03 0.9528452847913E-02
-0.8242200232297E-02 0.5311494382432E-02-0.3064580876456E-02 0.3076859576409E-03
-0.5110697575634E-03 0.1556065977952E-02-0.4978363327151E-02 0.2132254724815E-05
-0.4615826267809E-02-0.8242200232297E-02-0.2287520288452E-01-0.1312249492473E-02
 0.4106735064717E-02 0.3082794277712E-02 0.8836781454636E-01-0.3117837481881E-01
-0.9075621536410E-02-0.1423539532163E-04 0.6681720909746E-01 0.5311494382432E-02
-0.1312249492473E-02-0.8181843739492E+00-0.4381899220265E-02-0.3586205064218E-03
-0.9625652996907E-02 0.4683246171759E-03-0.6104262313848E-02-0.1184591591202E-05
-0.9690173288995E-03-0.3064580876456E-02 0.4106735064717E-02-0.4381899220265E-02
-0.2293171758380E-01 0.8071908059509E-02-0.2981700075536E-01 0.1069675933204E-02
 0.2837749020509E-02-0.6979640093828E-02-0.4340509752087E-02 0.3076859576409E-03
 0.3082794277712E-02-0.3586205064218E-03 0.8071908059509E-02 0.9020253367885E-02
   10   10    0  0.224175
-0.4462208173703E-01 0.3558574178198E-01 0.2842428551416E-02-0.1096200525632E-03
 0.3535278256444E-01-0.1310042183027E-02 0.3542260033947E-03 0.3311410633385E-01
 0.3111425087789E-03 0.1557304466628E-02 0.3558574178198E-01-0.5383233437012E-01
-0.1146957164513E-01 0.1757262521169E-04 0.2877522656680E-02 0.1179570536594E-02
-0.3588747200105E-03 0.1340763215534E-02-0.1319033718084E-02-0.3749479640131E-02
 0.2842428551416E-02-0.1146957164513E-01-0.5449815296045E-02-0.4598924504800E-05
 0.2260786140683E-02 0.2809157024208E-03-0.1167932401302E-03 0.9451051404715E-03
-0.6001360487353E-03-0.1543333244192E-02-0.1096200525632E-03 0.1757262521169E-04
-0.4598924504800E-05-0.3232820229755E-03-0.1871946188732E-04-0.4945291091217E-04
-0.1816830419489E-04 0.8734322241616E-05 0.1842705957668E-04-0.4875356764012E-04
 0.3535278256444E-01 0.2877522656680E-02 0.2260786140683E-02-0.1871946188732E-04
-0.4511349832785E+00-0.2225424197862E-03-0.2544669463343E-02 0.8990159334735E-01
 0.3593598417347E-03-0.6170353417707E-03-0.1310042183027E-02 0.1179570536594E-02
 0.2809157024208E-03-0.4945291091217E-04-0.2225424197862E-03-0.1696171454305E-03
-0.5446140679848E-04 0.2390745222308E-02 0.1723640464180E-04 0.8877332092163E-04
 0.3542260033947E-03-0.3588747200105E-03-0.1167932401302E-03-0.1816830419489E-04
-0.2544669463343E-02-0.5446140679848E-04-0.3467527985428E-03-0.2966322917249E-03
 0.4852968754463E-04-0.6396415958924E-05 0.3311410633385E-01 0.1340763215534E-02
 0.9451051404715E-03 0.8734322241616E-05 0.8990159334735E-01 0.2390745222308E-02
-0.2966322917249E-03-0.4488679121569E+00-0.1977254328443E-02 0.1723679741108E-02
 0.3111425087789E-03-0.1319033718084E-02-0.6001360487353E-03 0.1842705957668E-04
 0.3593598417347E-03 0.1723640464180E-04 0.4852968754463E-04-0.1977254328443E-02
-0.3958927821366E-03-0.8686824187261E-04 0.1557304466628E-02-0.3749479640131E-02
-0.1543333244192E-02-0.4875356764012E-04-0.6170353417707E-03 0.8877332092163E-04
-0.6396415958924E-05 0.1723679741108E-02-0.8686824187261E-04-0.5758545551655E-03
 0.5457721589434E-01-0.2308737038129E+00-0.1019653745711E+00 0.1290414090187E-03
 0.9068907524034E-01 0.5114511572042E-02-0.5362423276702E-03 0.8785067776803E-01
-0.9583412263676E-02-0.2981674858932E-01-0.2308737038129E+00 0.2194416046211E+00
-0.8614916439671E-02-0.1173613174184E-03-0.2870216507558E-01-0.3967510498266E-02
 0.1549608751686E-02-0.3109506114736E-01 0.4246133064479E-03 0.9488766757646E-03
-0.1019653745711E+00-0.8614916439671E-02 0.1514038512531E-02-0.2616950151508E-04
-0.7246633610825E-02-0.6000475142652E-02-0.5240553868673E-02-0.9062910452692E-02
-0.6356427710534E-02 0.3080571192300E-02 0.1290414090187E-03-0.1173613174184E-03
-0.2616950151508E-04-0.2323499698321E-01 0.8043472687100E-05-0.7283659197716E-02
 0.1784764520869E-05-0.1461209316292E-04-0.8085407793881E-06-0.7313897794977E-02
 0.9068907524034E-01-0.2870216507558E-01-0.7246633610825E-02 0.8043472687100E-05
-0.8220988401672E+00 0.1044112627938E-02-0.4881493314977E-02 0.6634933792380E-01
-0.9683619861262E-03-0.4384105987048E-02 0.5114511572042E-02-0.3967510498266E-02
-0.6000475142652E-02-0.7283659197716E-02 0.1044112627938E-02 0.9497029724925E-02
-0.8275190890405E-02 0.5384348241600E-02-0.3225926276662E-02 0.3509074019035E-03
-0.5362423276702E-03 0.1549608751686E-02-0.5240553868673E-02 0.1784764520869E-05
-0.4881493314977E-02-0.8275190890405E-02-0.2308771404715E-01-0.1321848586270E-02
 0.4332276903261E-02 0.3244991069293E-02 0.8785067776803E-01-0.3109506114736E-01
-0.9062910452692E-02-0.1461209316292E-04 0.6634933792380E-01 0.5384348241600E-02
-0.1321848586270E-02-0.8208762165703E+00-0.4637724874845E-02-0.4248437442981E-03
-0.9583412263676E-02 0.4246133064479E-03-0.6356427710534E-02-0.8085407793881E-06
-0.9683619861262E-03-0.3225926276662E-02 0.4332276903261E-02-0.4637724874845E-02
-0.2314555014780E-01 0.8100531165965E-02-0.2981674858932E-01 0.9488766757646E-03
 0.3080571192300E-02-0.7313897794977E-02-0.4384105987048E-02 0.3509074019035E-03
 0.3244991069293E-02-0.4248437442981E-03 0.8100531165965E-02 0.8974837690245E-02
   10   10    0  0.227850
-0.4440127812282E-01 0.3592658575931E-01 0.2867557902831E-02-0.1134166832090E-03
 0.3559389066126E-01-0.1330516938606E-02 0.3608793724134E-03 0.3309205027535E-01
 0.3107851844514E-03 0.1571341778455E-02 0.3592658575931E-01-0.5432606890853E-01
-0.1135518504495E-01 0.1716208582804E-04 0.2855867858477E-02 0.1203090402355E-02
-0.3675600134611E-03 0.1241737862163E-02-0.1309672838138E-02-0.3721211671141E-02
 0.2867557902831E-02-0.1135518504495E-01-0.5392063921291E-02-0.5108273152916E-05
 0.2214795639241E-02 0.2872101171996E-03-0.1235227296637E-03 0.8737014269922E-03
-0.6006025649910E-03-0.1531312481435E-02-0.1134166832090E-03 0.1716208582804E-04
-0.5108273152916E-05-0.3355434993266E-03-0.1929777470257E-04-0.5294487524814E-04
-0.1853417322639E-04 0.9782244743613E-05 0.1873074129630E-04-0.5237314695591E-04
 0.3559389066126E-01 0.2855867858477E-02 0.2214795639241E-02-0.1929777470257E-04
-0.4550657792601E+00-0.1881526590288E-03-0.2705213805211E-02 0.9020142310585E-01
 0.3751624486256E-03-0.6461407842489E-03-0.1330516938606E-02 0.1203090402355E-02
 0.2872101171996E-03-0.5294487524814E-04-0.1881526590288E-03-0.1751468938940E-03
-0.5613974702705E-04 0.2426122322813E-02 0.1672618312227E-04 0.9120608086248E-04
 0.3608793724134E-03-0.3675600134611E-03-0.1235227296637E-03-0.1853417322639E-04
-0.2705213805211E-02-0.5613974702705E-04-0.3573713750574E-03-0.2829610074618E-03
 0.5154832769404E-04-0.5571672844460E-05 0.3309205027535E-01 0.1241737862163E-02
 0.8737014269922E-03 0.9782244743613E-05 0.9020142310585E-01 0.2426122322813E-02
-0.2829610074618E-03-0.4527335006770E+00-0.2139252988775E-02 0.1682163779978E-02
 0.3107851844514E-03-0.1309672838138E-02-0.6006025649910E-03 0.1873074129630E-04
 0.3751624486256E-03 0.1672618312227E-04 0.5154832769404E-04-0.2139252988775E-02
-0.4059302350828E-03-0.8378838539870E-04 0.1571341778455E-02-0.3721211671141E-02
-0.1531312481435E-02-0.5237314695591E-04-0.6461407842489E-03 0.9120608086248E-04
-0.5571672844460E-05 0.1682163779978E-02-0.8378838539870E-04-0.5779458746440E-03
 0.5546705177707E-01-0.2301238825729E+00-0.1013723471899E+00 0.1279032180153E-03
 0.9064213813199E-01 0.5290142106574E-02-0.5617131374558E-03 0.8737419956007E-01
-0.9525400180258E-02-0.2977256707553E-01-0.2301238825729E+00 0.2223160822767E+00
-0.8576322830788E-02-0.1215600811854E-03-0.2860540866947E-01-0.3940390847204E-02
 0.1541064448699E-02-0.3102098339223E-01 0.3807925370000E-03 0.8280396501013E-03
-0.1013723471899E+00-0.8576322830788E-02 0.1251240357458E-02-0.2693770401261E-04
-0.7246294750127E-02-0.6218613258833E-02-0.5500907135997E-02-0.9045086342140E-02
-0.6605140079877E-02 0.3326332557905E-02 0.1279032180153E-03-0.1215600811854E-03
-0.2693770401261E-04-0.2354665638847E-01 0.7803181673919E-05-0.7617014487434E-02
 0.1430311956686E-05-0.1493423390720E-04-0.4322395461179E-06-0.7645811403656E-02
 0.9064213813199E-01-0.2860540866947E-01-0.7246294750127E-02 0.7803181673919E-05
-0.8247100671191E+00 0.1135393485621E-02-0.5146016145764E-02 0.6588447466095E-01
-0.9664799682843E-03-0.4422762790767E-02 0.5290142106574E-02-0.3940390847204E-02
-0.6218613258833E-02-0.7617014487434E-02 0.1135393485621E-02 0.9441468820478E-02
-0.8309987796717E-02 0.5450808809247E-02-0.3387006000218E-02 0.3937972951792E-03
-0.5617131374558E-03 0.1541064448699E-02-0.5500907135997E-02 0.1430311956686E-05
-0.5146016145764E-02-0.8309987796717E-02-0.2333019511827E-01-0.1329697444030E-02
 0.4557319159249E-02 0.3406903589835E-02 0.8737419956007E-01-0.3102098339223E-01
-0.9045086342140E-02-0.1493423390720E-04 0.6588447466095E-01 0.5450808809247E-02
-0.1329697444030E-02-0.8235153483882E+00-0.4892885522700E-02-0.4918099738556E-03
-0.9525400180258E-02 0.3807925370000E-03-0.6605140079877E-02-0.4322395461179E-06
-0.9664799682843E-03-0.3387006000218E-02 0.4557319159249E-02-0.4892885522700E-02
-0.2338916516389E-01 0.8131489675631E-02-0.2977256707553E-01 0.8280396501013E-03
 0.3326332557905E-02-0.7645811403656E-02-0.4422762790767E-02 0.3937972951792E-03
 0.3406903589835E-02-0.4918099738556E-03 0.8131489675631E-02 0.8906782360056E-02
   10   10    0  0.231525
-0.4419549507444E-01 0.3626588949344E-01 0.2889912563529E-02-0.1168997132006E-03
 0.3582827884249E-01-0.1349862772959E-02 0.3676446110998E-03 0.3308522841928E-01
 0.3103562279605E-03 0.1583013023438E-02 0.3626588949344E-01-0.5482852780219E-01
-0.1123869639182E-01 0.1669885308012E-04 0.2836328772095E-02 0.1225730943597E-02
-0.3757923936718E-03 0.1149362917647E-02-0.1298816887771E-02-0.3689215928280E-02
 0.2889912563529E-02-0.1123869639182E-01-0.5326601042145E-02-0.5600876488101E-05
 0.2165957507797E-02 0.2929361242695E-03-0.1304316949334E-03 0.8034477804610E-03
-0.6001698426895E-03-0.1515899506953E-02-0.1168997132006E-03 0.1669885308012E-04
-0.5600876488101E-05-0.3485499781476E-03-0.1983228901641E-04-0.5669832387673E-04
-0.1885980235365E-04 0.1082794126931E-04 0.1899259203149E-04-0.5625976343011E-04
 0.3582827884249E-01 0.2836328772095E-02 0.2165957507797E-02-0.1983228901641E-04
-0.4589650971523E+00-0.1532029524144E-03-0.2866636527064E-02 0.9049087957555E-01
 0.3908890517796E-03-0.6751645103053E-03-0.1349862772959E-02 0.1225730943597E-02
 0.2929361242695E-03-0.5669832387673E-04-0.1532029524144E-03-0.1806027155057E-03
-0.5805771713064E-04 0.2458670401846E-02 0.1599802702394E-04 0.9352249268354E-04
 0.3676446110998E-03-0.3757923936718E-03-0.1304316949334E-03-0.1885980235365E-04
-0.2866636527064E-02-0.5805771713064E-04-0.3689314814086E-03-0.2683494154731E-03
 0.5474937542717E-04-0.4540652137216E-05 0.3308522841928E-01 0.1149362917647E-02
 0.8034477804610E-03 0.1082794126931E-04 0.9049087957555E-01 0.2458670401846E-02
-0.2683494154731E-03-0.4565706916815E+00-0.2302750078514E-02 0.1638370272012E-02
 0.3103562279605E-03-0.1298816887771E-02-0.6001698426895E-03 0.1899259203149E-04
 0.3908890517796E-03 0.1599802702394E-04 0.5474937542717E-04-0.2302750078514E-02
-0.4167620271349E-03-0.8006507783763E-04 0.1583013023438E-02-0.3689215928280E-02
-0.1515899506953E-02-0.5625976343011E-04-0.6751645103053E-03 0.9352249268354E-04
-0.4540652137216E-05 0.1638370272012E-02-0.8006507783763E-04-0.5788414596517E-03
 0.5633219860544E-01-0.2294595403663E+00-0.1006994496736E+00 0.1265773773656E-03
 0.9059205452697E-01 0.5465333304749E-02-0.5873800034326E-03 0.8693681664856E-01
-0.9453027319762E-02-0.2968860762781E-01-0.2294595403663E+00 0.2250984662887E+00
-0.8519690847118E-02-0.1254402746798E-03-0.2851319976874E-01-0.3908424655326E-02
 0.1530685598045E-02-0.3095514233326E-01 0.3371674597886E-03 0.7079801655644E-03
-0.1006994496736E+00-0.8519690847118E-02 0.9823311209820E-03-0.2766929105476E-04
-0.7242287811766E-02-0.6435112340690E-02-0.5759053241828E-02-0.9022845035736E-02
-0.6850174564609E-02 0.3574471286636E-02 0.1265773773656E-03-0.1254402746798E-03
-0.2766929105476E-04-0.2387803296582E-01 0.7548461118119E-05-0.7947572662040E-02
 0.1071890918359E-05-0.1520145874767E-04-0.5878076944503E-07-0.7974942330316E-02
 0.9059205452697E-01-0.2851319976874E-01-0.7242287811766E-02 0.7548461118119E-05
-0.8272746608042E+00 0.1225753311354E-02-0.5408828013460E-02 0.6542243368466E-01
