                  12                   1               33590                   1               33589
T-Matrices                                                  
    3    3    2   26    2    1    0    0   10   26   26     0.00000000
    1    2   -2  0.000000
    1    4   -2  0.000000
    1    4   -4  0.000000
    2    3   -2  0.181000
    3    1   -1  0.203600
    3    3   -1  0.203600
    3    3   -3  0.203600
    4    1    1  0.203600
    4    3    1  0.203600
    4    3    3  0.203600
    5    1    1  0.777200
    5    3    1  0.777200
    5    3    3  0.777200
    6    1   -1  0.777200
    6    3   -1  0.777200
    6    3   -3  0.777200
    7    2   -1  0.810800
    7    4   -3  0.810800
    7    4   -1  0.810800
    8    2    1  0.810800
    8    4    1  0.810800
    8    4    3  0.810800
    9    3   -2  0.837800
   10    1    0  0.929400
   10    3    0  0.929400
   10    3    2  0.929400
    1   99     0.00735000     0.00367500
    3    3    0  0.007350
-0.6910995279780E+00-0.6116093946442E-02-0.7174591960901E-08-0.6116093946442E-02
-0.3274510071432E-03-0.6347854215060E-10-0.7174591960901E-08-0.6347854215060E-10
-0.2405715588181E-03
-0.9510355779172E+00-0.8626778958085E-02-0.9648295269058E-08-0.8626778958085E-02
 0.2330164950751E-01-0.1412009181789E-09-0.9648295269058E-08-0.1412009181789E-09
-0.2193365548561E-01
    3    3    0  0.011025
-0.5745704963001E-01-0.1737220001202E-03-0.3502661613527E-09-0.1737220001202E-03
-0.2849946505689E-03-0.1018132546603E-11-0.3502661613527E-09-0.1018132546603E-11
-0.2413047582093E-03
-0.3340831837309E+00-0.1087601352034E-02-0.1910580816438E-08-0.1087601352034E-02
 0.2384732737966E-01-0.5481636439661E-10-0.1910580816438E-08-0.5481636439661E-10
-0.2196705006214E-01
    3    3    0  0.014700
-0.6920127820285E-02 0.7054931302227E-04 0.5282637010656E-10 0.7054931302227E-04
-0.2969989622935E-03-0.5331908382939E-12 0.5282637010656E-10-0.5331908382939E-12
-0.2428707133217E-03
-0.1174311819919E+00 0.1509963671953E-02 0.7544561562879E-09 0.1509963671953E-02
 0.2432333753224E-01-0.3362360747799E-10 0.7544561562879E-09-0.3362360747799E-10
-0.2203820411150E-01
    3    3    0  0.018375
-0.1767886098252E-03-0.8698159172682E-05 0.4599321024741E-10-0.8698159172682E-05
-0.3109018912396E-03-0.3144720062910E-11 0.4599321024741E-10-0.3144720062910E-11
-0.2451723982794E-03
-0.1859126719117E-01 0.2812592044093E-02 0.2256249788307E-08 0.2812592044093E-02
 0.2477491418408E-01-0.2196308372800E-10 0.2256249788307E-08-0.2196308372800E-10
-0.2214237311252E-01
    3    3    0  0.022050
-0.7386120666979E-03-0.1164091641671E-03-0.2586861205443E-10-0.1164091641671E-03
-0.3246082654639E-03-0.5919949908439E-11-0.2586861205443E-10-0.5919949908439E-11
-0.2481485123564E-03
 0.3825207814528E-01 0.3666544979228E-02 0.3240632650475E-08 0.3666544979228E-02
 0.2521218073122E-01-0.1649532186574E-10 0.3240632650475E-08-0.1649532186574E-10
-0.2227634276601E-01
    3    3    0  0.025725
-0.2879613222095E-02-0.2191361214880E-03-0.1065101979995E-09-0.2191361214880E-03
-0.3380833760243E-03-0.8612713786669E-11-0.1065101979995E-09-0.8612713786669E-11
-0.2517517670299E-03
 0.7571160210209E-01 0.4317355484146E-02 0.3993385267328E-08 0.4317355484146E-02
 0.2563912776721E-01-0.1369807644897E-10 0.3993385267328E-08-0.1369807644897E-10
-0.2243747211937E-01
    3    3    0  0.029400
-0.5298197777485E-02-0.3137513815850E-03-0.1853709039315E-09-0.3137513815850E-03
-0.3514466498074E-03-0.1123452315244E-10-0.1853709039315E-09-0.1123452315244E-10
-0.2559438437189E-03
 0.1026869250479E+00 0.4860209827009E-02 0.4618449445867E-08 0.4860209827009E-02
 0.2605858218275E-01-0.1239301952722E-10 0.4618449445867E-08-0.1239301952722E-10
-0.2262348735688E-01
    3    3    0  0.033075
-0.7652923915722E-02-0.4016320478961E-03-0.2605463280349E-09-0.4016320478961E-03
-0.3648185696185E-03-0.1381969603112E-10-0.2605463280349E-09-0.1381969603112E-10
-0.2606911268556E-03
 0.1233637295912E+00 0.5339428812141E-02 0.5163454985558E-08 0.5339428812141E-02
 0.2647325515131E-01-0.1202883935936E-10 0.5163454985558E-08-0.1202883935936E-10
-0.2283230811476E-01
    3    3    0  0.036750
-0.9860686967686E-02-0.4845518792719E-03-0.3320908032357E-09-0.4845518792719E-03
-0.3783140174227E-03-0.1639549751660E-10-0.3320908032357E-09-0.1639549751660E-10
-0.2659621170198E-03
 0.1399661238569E+00 0.5778422781356E-02 0.5653191950270E-08 0.5778422781356E-02
 0.2688605499112E-01-0.1229478786020E-10 0.5653191950270E-08-0.1229478786020E-10
-0.2306194914121E-01
    3    3    0  0.040425
-0.1191543060039E-01-0.5640043479596E-03-0.4004731182287E-09-0.5640043479596E-03
-0.3920497006079E-03-0.1898063843901E-10-0.4004731182287E-09-0.1898063843901E-10
-0.2717256810727E-03
 0.1537863447953E+00 0.6190780887025E-02 0.6101783325056E-08 0.6190780887025E-02
 0.2730021665395E-01-0.1303191332177E-10 0.6101783325056E-08-0.1303191332177E-10
-0.2331045961150E-01
    3    3    0  0.044100
-0.1383407481632E-01-0.6411667315651E-03-0.4661920293272E-09-0.6411667315651E-03
-0.4061513275895E-03-0.2158754611703E-10-0.4661920293272E-09-0.2158754611703E-10
-0.2779497816855E-03
 0.1656290869771E+00 0.6585017766790E-02 0.6517874229378E-08 0.6585017766790E-02
 0.2771938207305E-01-0.1421510311166E-10 0.6517874229378E-08-0.1421510311166E-10
-0.2357588401926E-01
    3    3    0  0.047775
-0.1563918543660E-01-0.7169756717350E-03-0.5296931058273E-09-0.7169756717350E-03
-0.4207597496526E-03-0.2422470873146E-10-0.5296931058273E-09-0.2422470873146E-10
-0.2846004964258E-03
 0.1760248160350E+00 0.6966838437117E-02 0.6907107624690E-08 0.6966838437117E-02
 0.2814767430207E-01-0.1588037341551E-10 0.6907107624690E-08-0.1588037341551E-10
-0.2385623598578E-01
    3    3    0  0.051450
-0.1735349337329E-01-0.7922068601918E-03-0.5913695168174E-09-0.7922068601918E-03
-0.4360368748434E-03-0.2689865777714E-10-0.5913695168174E-09-0.2689865777714E-10
-0.2916412152874E-03
 0.1853411318883E+00 0.7340316954235E-02 0.7273423455811E-08 0.7340316954235E-02
 0.2858978448384E-01-0.1801194107071E-10 0.7273423455811E-08-0.1801194107071E-10
-0.2414947982828E-01
    3    3    0  0.055125
-0.1899852494391E-01-0.8675413364648E-03-0.6515865999742E-09-0.8675413364648E-03
-0.4521722449781E-03-0.2961551923919E-10-0.6515865999742E-09-0.2961551923919E-10
-0.2990319460771E-03
 0.1938451223014E+00 0.7708558215738E-02 0.7619807624574E-08 0.7708558215738E-02
 0.2905108487615E-01-0.2049296362688E-10 0.7619807624574E-08-0.2049296362688E-10
-0.2445351655794E-01
    3    3    0  0.058800
-0.2059474554204E-01-0.9436205449572E-03-0.7107133888468E-09-0.9436205449572E-03
-0.4693911939070E-03-0.3238217262549E-10-0.7107133888468E-09-0.3238217262549E-10
-0.3067286781603E-03
 0.2017405909619E+00 0.8074099252744E-02 0.7948766570507E-08 0.8074099252744E-02
 0.2953778192832E-01-0.2317062375684E-10 0.7948766570507E-08-0.2317062375684E-10
-0.2476617196578E-01
    3    3    0  0.062475
-0.2216233394015E-01-0.1021096299294E-02-0.7691580140019E-09-0.1021096299294E-02
-0.4879657006159E-03-0.3520728140841E-10-0.7691580140019E-09-0.3520728140841E-10
-0.3146827640751E-03
 0.2091918652780E+00 0.8439176408812E-02 0.8262659824914E-08 0.8439176408812E-02
 0.3005712818277E-01-0.2597063503419E-10 0.8262659824914E-08-0.2597063503419E-10
-0.2508518492872E-01
    3    3    0  0.066150
-0.2372234480938E-01-0.1100682939482E-02-0.8274100541815E-09-0.1100682939482E-02
-0.5082294974168E-03-0.3810262400190E-10-0.8274100541815E-09-0.3810262400190E-10
-0.3228402810698E-03
 0.2163404356747E+00 0.8805927813103E-02 0.8563969542145E-08 0.8805927813103E-02
 0.3061772084968E-01-0.2895304316903E-10 0.8563969542145E-08-0.2895304316903E-10
-0.2540819427453E-01
    3    3    0  0.069825
-0.2529831544488E-01-0.1183220815488E-02-0.8860977077368E-09-0.1183220815488E-02
-0.5305998348665E-03-0.4108516698826E-10-0.8860977077368E-09-0.4108516698826E-10
-0.3311413297351E-03
 0.2233181957658E+00 0.9176576365686E-02 0.8855573494886E-08 0.9176576365686E-02
 0.3122993064761E-01-0.3226483098304E-10 0.8855573494886E-08-0.3226483098304E-10
-0.2573272245391E-01
    3    3    0  0.073500
-0.2691860370079E-01-0.1269764686229E-02-0.9460738748789E-09-0.1269764686229E-02
-0.5556098319706E-03-0.4418033428772E-10-0.9460738748789E-09-0.4418033428772E-10
-0.3395192171382E-03
 0.2302600963746E+00 0.9553632376244E-02 0.9141095541093E-08 0.9553632376244E-02
 0.3190653174065E-01-0.3603802129315E-10 0.9141095541093E-08-0.3603802129315E-10
-0.2605615399435E-01
    3    3    0  0.077175
-0.2862007400351E-01-0.1361720537019E-02-0.1008556690870E-08-0.1361720537019E-02
-0.5839581688857E-03-0.4742721616344E-10-0.1008556690870E-08-0.4742721616344E-10
-0.3478994528095E-03
 0.2373191484604E+00 0.9940164097514E-02 0.9425435002310E-08 0.9940164097514E-02
 0.3266365236041E-01-0.4031619340769E-10 0.9425435002310E-08-0.4031619340769E-10
-0.2637570608703E-01
    3    3    0  0.080850
-0.3045440533482E-01-0.1461076246474E-02-0.1075375270435E-08-0.1461076246474E-02
-0.6165883271051E-03-0.5088737089121E-10-0.1075375270435E-08-0.5088737089121E-10
-0.3561984570132E-03
 0.2446881383875E+00 0.1034021537616E-01 0.9715649005168E-08 0.1034021537616E-01
 0.3352225641603E-01-0.4505051054186E-10 0.9715649005168E-08-0.4505051054186E-10
-0.2668838767490E-01
    3    3    0  0.084525
-0.3249980890400E-01-0.1570822501997E-02-0.1149431644268E-08-0.1570822501997E-02
-0.6548206643623E-03-0.5466104340905E-10-0.1149431644268E-08-0.5466104340905E-10
-0.3643218329634E-03
 0.2526363895821E+00 0.1075952623546E-01 0.1002254570417E-07 0.1075952623546E-01
 0.3451054404784E-01-0.5013790619593E-10 0.1002254570417E-07-0.5013790619593E-10
-0.2699094173104E-01
    3    3    0  0.088200
-0.3488482740631E-01-0.1695789190036E-02-0.1235646140750E-08-0.1695789190036E-02
-0.7005847092770E-03-0.5891997945689E-10-0.1235646140750E-08-0.5891997945689E-10
-0.3721619785930E-03
 0.2615802615502E+00 0.1120690393490E-01 0.1036382103562E-07 0.1120690393490E-01
 0.3566802773964E-01-0.5543332374042E-10 0.1036382103562E-07-0.5543332374042E-10
-0.2727976269412E-01
    3    3    0  0.091875
-0.3784214911193E-01-0.1844487692856E-02-0.1343108660020E-08-0.1844487692856E-02
-0.7568560731549E-03-0.6398108863093E-10-0.1343108660020E-08-0.6398108863093E-10
-0.3795946872346E-03
 0.2722352755588E+00 0.1169711849142E-01 0.1077090261329E-07 0.1169711849142E-01
 0.3705286222875E-01-0.6066095680621E-10 0.1077090261329E-07-0.6066095680621E-10
-0.2755077643811E-01
    3    3    0  0.095550
-0.4184866104091E-01-0.2033757619237E-02-0.1490714092469E-08-0.2033757619237E-02
-0.8285527850660E-03-0.7049547594622E-10-0.1490714092469E-08-0.7049547594622E-10
-0.3864741714505E-03
 0.2859923431160E+00 0.1225786114612E-01 0.1130596699002E-07 0.1225786114612E-01
 0.3875600263808E-01-0.6511303679050E-10 0.1130596699002E-07-0.6511303679050E-10
-0.2779926223150E-01
    3    3    0  0.099225
-0.4807084825015E-01-0.2302983433976E-02-0.1725226830502E-08-0.2302983433976E-02
-0.9246077843859E-03-0.8003643656583E-10-0.1725226830502E-08-0.8003643656583E-10
-0.3926255611672E-03
 0.3060357668507E+00 0.1294973838301E-01 0.1211268782841E-07 0.1294973838301E-01
 0.4093117653246E-01-0.6675092090335E-10 0.1211268782841E-07-0.6675092090335E-10
-0.2801958185810E-01
    3    3    0  0.102900
-0.6031691613417E-01-0.2773258730404E-02-0.2201350204617E-08-0.2773258730404E-02
-0.1063741387914E-02-0.9758918738549E-10-0.2201350204617E-08-0.9758918738549E-10
-0.3978332016660E-03
 0.3417508310350E+00 0.1394203784613E-01 0.1361711794071E-07 0.1394203784613E-01
 0.4386661426186E-01-0.5871246656160E-10 0.1361711794071E-07-0.5871246656160E-10
-0.2820475371414E-01
    3    3    0  0.106575
-0.1013521072137E+00-0.4101441109518E-02-0.3864258326917E-08-0.4101441109518E-02
-0.1298311240345E-02-0.1510488369070E-09-0.3864258326917E-08-0.1510488369070E-09
-0.4018214870926E-03
 0.4383598247592E+00 0.1599396788662E-01 0.1788913098367E-07 0.1599396788662E-01
 0.4819033140247E-01-0.6366659163563E-11 0.1788913098367E-07-0.6366659163563E-11
-0.2834574948167E-01
    3    3    0  0.110250
-0.1905000439146E+01-0.3362099558292E-01-0.8731509105999E-07-0.3362099558292E-01
-0.2111316019127E-02-0.1531870167457E-08-0.8731509105999E-07-0.1531870167457E-08
-0.4042171280155E-03
-0.4239955589005E+00-0.8461668479198E-02-0.1812189559654E-07-0.8461668479198E-02
 0.5491997091663E-01-0.1097585727746E-08-0.1812189559654E-07-0.1097585727746E-08
-0.2843010489844E-01
    3    3    0  0.113925
-0.2116514916823E-02-0.7622418064116E-03-0.1726847616323E-10-0.7622418064116E-03
-0.2704625973192E-02 0.3297143375117E-11-0.1726847616323E-10 0.3297143375117E-11
-0.4045630386590E-03
 0.6406419144689E-01 0.1112423300449E-01 0.1101565457068E-08 0.1112423300449E-01
 0.7264714290473E-01-0.4264522271867E-09 0.1101565457068E-08-0.4264522271867E-09
-0.2844226443281E-01
    3    3    0  0.117600
-0.1411517478108E-01-0.3627175142810E-02-0.3628404344050E-09-0.3627175142810E-02
-0.2179500128339E-01-0.1365844041120E-10-0.3628404344050E-09-0.1365844041120E-10
-0.4020057497916E-03
 0.1662925397560E+00 0.1909833042598E-01 0.5280620683628E-08 0.1909833042598E-01
 0.2067294799037E+00-0.4213173328548E-09 0.5280620683628E-08-0.4213173328548E-09
-0.2835224666513E-01
    3    3    0  0.121275
-0.2091066796683E-01-0.9221086320811E-03-0.5987626565353E-09-0.9221086320811E-03
-0.2701120039415E-03-0.4356290863292E-10-0.5987626565353E-09-0.4356290863292E-10
-0.3953711981612E-03
 0.2031821013602E+00 0.1001315641331E-01 0.6789009895734E-08 0.1001315641331E-01
-0.2095322079542E-01-0.3783383733535E-09 0.6789009895734E-08-0.3783383733535E-09
-0.2811736257080E-01
    3    3    0  0.124950
-0.2565384557461E-01-0.1526152359824E-02-0.7592917678714E-09-0.1526152359824E-02
-0.2345224504412E-03-0.5046768383526E-10-0.7592917678714E-09-0.5046768383526E-10
-0.3824693001836E-03
 0.2247058696847E+00 0.1243037990849E-01 0.7636300586255E-08 0.1243037990849E-01
 0.1766766578832E-01-0.4829492720224E-09 0.7636300586255E-08-0.4829492720224E-09
-0.2765487873055E-01
    3    3    0  0.128625
-0.2940634251537E-01-0.1881726280127E-02-0.8966145144008E-09-0.1881726280127E-02
-0.5868558400340E-03-0.5607983026750E-10-0.8966145144008E-09-0.5607983026750E-10
-0.3588796081343E-03
 0.2403294588900E+00 0.1364413230827E-01 0.8314334194227E-08 0.1364413230827E-01
 0.3136341881958E-01-0.6606712933503E-09 0.8314334194227E-08-0.6606712933503E-09
-0.2678862485637E-01
    3    3    0  0.132300
-0.3285128084671E-01-0.2222357208413E-02-0.1056705539257E-08-0.2222357208413E-02
-0.1012072887083E-02-0.5968826637355E-10-0.1056705539257E-08-0.5968826637355E-10
-0.3138079905699E-03
 0.2537731515569E+00 0.1475139713570E-01 0.9153311418155E-08 0.1475139713570E-01
 0.4243322864950E-01-0.1039819908956E-08 0.9153311418155E-08-0.1039819908956E-08
-0.2505029951288E-01
    3    3    0  0.135975
-0.3653436514295E-01-0.2705005156696E-02-0.1365917370068E-08-0.2705005156696E-02
-0.1880626191988E-02-0.4802241581012E-10-0.1365917370068E-08-0.4802241581012E-10
-0.2119928216118E-03
 0.2673243893912E+00 0.1625805133591E-01 0.1101685168064E-07 0.1625805133591E-01
 0.5904298724627E-01-0.2258930063166E-08 0.1101685168064E-07-0.2258930063166E-08
-0.2058982035539E-01
    3    3    0  0.139650
-0.4153792548102E-01-0.4746765984330E-02-0.3679477802273E-08-0.4746765984330E-02
-0.9748942377990E-02 0.1300731456204E-08-0.3679477802273E-08 0.1300731456204E-08
-0.5620602002108E-04
 0.2843361029908E+00 0.2192944270802E-01 0.2604828692583E-07 0.2192944270802E-01
 0.1374751273274E+00-0.2145768618243E-07 0.2604828692583E-07-0.2145768618243E-07
 0.1060230545326E-01
    3    3    0  0.143325
-0.4925806813445E-01-0.1787495111812E-02 0.3138153857710E-09-0.1787495111812E-02
-0.3053885087444E-03-0.5067730213411E-10 0.3138153857710E-09-0.5067730213411E-10
-0.1303604779714E-02
 0.3097423291554E+00 0.1209435335777E-01-0.2281690419071E-08 0.1209435335777E-01
-0.2147592217881E-01-0.1784740258709E-08-0.2281690419071E-08-0.1784740258709E-08
-0.5104419824041E-01
    3    3    0  0.147000
-0.8620780520262E-01-0.3750711812909E-02 0.2176665890021E-09-0.3750711812909E-02
-0.4577293423093E-03 0.9767536764345E-11 0.2176665890021E-09 0.9767536764345E-11
-0.7337806094493E-03
 0.4058229364291E+00 0.1665836595589E-01-0.1132387503032E-08 0.1665836595589E-01
 0.2497358951060E-01-0.1175667559958E-10-0.1132387503032E-08-0.1175667559958E-10
-0.3830173344531E-01
    3    3    0  0.150675
-0.4390161603704E-02-0.1064300971293E-02-0.3358710255798E-09-0.1064300971293E-02
-0.1600611958310E-02-0.8496603720724E-10-0.3358710255798E-09-0.8496603720724E-10
-0.5953173400378E-03
 0.9247662725137E-01 0.1442187103517E-01 0.1151516960211E-07 0.1442187103517E-01
 0.5467667562377E-01 0.1644378099024E-09 0.1151516960211E-07 0.1644378099024E-09
-0.3450043879924E-01
    3    3    0  0.154350
-0.2603122515498E-01-0.1211708802352E-02-0.7386725391777E-09-0.1211708802352E-02
-0.3441692321474E-03-0.4824652412760E-10-0.7386725391777E-09-0.4824652412760E-10
-0.5061741052367E-03
 0.2263725406030E+00 0.1178262490240E-01 0.7500122429223E-08 0.1178262490240E-01
-0.2340772359761E-01-0.1301284221502E-09 0.7500122429223E-08-0.1301284221502E-09
-0.3181339337840E-01
    3    3    0  0.158025
-0.3439239814067E-01-0.2628878583573E-02-0.8262082641553E-09-0.2628878583573E-02
-0.1124463099030E-02-0.5639174012384E-10-0.8262082641553E-09-0.5639174012384E-10
-0.3971372463629E-03
 0.2594334341436E+00 0.1701004048653E-01 0.7064919252097E-08 0.1701004048653E-01
 0.4417475863929E-01-0.6032561172089E-09 0.7064919252097E-08-0.6032561172089E-09
-0.2818007762114E-01
    3    3    0  0.161700
-0.4131871149775E-01-0.2071574453696E-02-0.1216114896631E-08-0.2071574453696E-02
-0.1382490848049E-03-0.7643440784099E-10-0.1216114896631E-08-0.7643440784099E-10
-0.1050884338348E-03
 0.2841378142852E+00 0.1384189828697E-01 0.9064103028118E-08 0.1384189828697E-01
 0.8977164802786E-02-0.4504865329905E-08 0.9064103028118E-08-0.4504865329905E-08
-0.1449709709185E-01
    3    3    0  0.165375
-0.7531112868971E-01-0.1758149916264E+00 0.5088338556892E-09-0.1758149916264E+00
-0.1537985000119E+01 0.2422763203090E-08 0.5088338556892E-09 0.2422763203090E-08
-0.1232640232377E-02
 0.3325260720631E+00 0.5887267101637E-01-0.1704422416953E-08 0.5887267101637E-01
 0.8223109125955E+00-0.1199161970002E-08-0.1704422416953E-08-0.1199161970002E-08
-0.4963628776220E-01
    3    3    0  0.169050
-0.1330091267805E-01-0.9272504064352E-03-0.8045312427988E-09-0.9272504064352E-03
-0.3134126862303E-03-0.8017271197190E-10-0.8045312427988E-09-0.8017271197190E-10
-0.6480613341896E-03
 0.1620268501400E+00 0.1309011529442E-01 0.1266618419488E-07 0.1309011529442E-01
-0.2131938632352E-01 0.1095602422373E-09 0.1266618419488E-07 0.1095602422373E-09
-0.3599587038656E-01
    3    3    0  0.172725
-0.4202371372936E-01-0.5103293052575E-01-0.7715010468150E-09-0.5103293052575E-01
-0.4019016637099E+00 0.2439465610042E-10-0.7715010468150E-09 0.2439465610042E-10
-0.4119922315559E-03
 0.2723144447061E+00 0.7430961007478E-01 0.6425427067578E-08 0.7430961007478E-01
 0.7963366762743E+00-0.7240658747210E-09 0.6425427067578E-08-0.7240658747210E-09
-0.2870217283609E-01
    3    3    0  0.176400
-0.5312814319916E-01-0.3725491310938E-02 0.2189769816899E-09-0.3725491310938E-02
-0.6834043162428E-03-0.1068264749347E-09 0.2189769816899E-09-0.1068264749347E-09
-0.2197233836972E-02
 0.3209267834332E+00 0.2063509603149E-01-0.1136098320447E-08 0.2063509603149E-01
 0.3044101045119E-01-0.6634524230090E-08-0.1136098320447E-08-0.6634524230090E-08
-0.6625435712019E-01
    3    3    0  0.180075
-0.3089299238073E-01-0.4016514755013E-02-0.8836853132792E-09-0.4016514755013E-02
-0.5160064735882E-02-0.9957416599096E-10-0.8836853132792E-09-0.9957416599096E-10
-0.5670905552100E-03
 0.2455413478193E+00 0.2291117420666E-01 0.8196704989408E-08 0.2291117420666E-01
 0.9875448804678E-01 0.1111309164282E-09 0.8196704989408E-08 0.1111309164282E-09
-0.3367283057187E-01
    4    4    0  0.183750
-0.5791282978582E-01-0.6053412366350E-02 0.1163997576825E-09-0.6058593812145E-02
-0.6053412366350E-02-0.2652740631656E-01-0.2820448431147E-10-0.3678212833092E-03
 0.1163997576825E-09-0.2820448431147E-10-0.1614965167058E-02 0.3335127476571E-09
-0.6058593812145E-02-0.3678212833092E-03 0.3335127476571E-09-0.2662404888128E-01
 0.3339577876709E+00 0.1805695326349E-01-0.5981347202042E-09 0.2333572048075E-01
 0.1805695326349E-01 0.1397974872813E-01-0.2901894069650E-08 0.2275804106636E+00
-0.5981347202042E-09-0.2901894069650E-08-0.5680952580004E-01-0.2506563234844E-09
 0.2333572048075E-01 0.2275804106636E+00-0.2506563234844E-09-0.1284588510336E-01
    4    4    0  0.187425
-0.4524077286816E-01-0.5916906265201E-02-0.6514093490426E-09-0.5581773582694E-02
-0.5916906265201E-02-0.2904283259103E-01 0.2514464613517E-10-0.4139963940178E-02
-0.6514093490426E-09 0.2514464613517E-10-0.1426608957606E-03 0.2850262752594E-09
-0.5581773582694E-02-0.4139963940178E-02 0.2850262752594E-09-0.2832514111947E-01
 0.2958626583954E+00 0.1807132483332E-01 0.4782147995996E-08 0.2252480447202E-01
 0.1807132483332E-01 0.4045864155103E-01-0.2896448796507E-08 0.2350033095907E+00
 0.4782147995996E-08-0.2896448796507E-08-0.1689086852089E-01-0.2995135049419E-09
 0.2252480447202E-01 0.2350033095907E+00-0.2995135049419E-09-0.8108685877595E-02
    4    4    0  0.191100
-0.4921377483739E-01-0.6537454132887E-02-0.6626008892442E-09-0.6170588414267E-02
-0.6537454132887E-02-0.3096282574398E-01 0.7214737436460E-09-0.6757378940183E-02
-0.6626008892442E-09 0.7214737436460E-09-0.1289281092824E-03 0.2325222691782E-08
-0.6170588414267E-02-0.6757378940183E-02 0.2325222691782E-08-0.2942223680394E-01
 0.3082047069616E+00 0.1808637343886E-01 0.5160499060910E-08 0.2464713524229E-01
 0.1808637343886E-01 0.5731296534774E-01-0.1966224997895E-07 0.2393045372159E+00
 0.5160499060910E-08-0.1966224997895E-07 0.1605738447279E-01-0.2500724388448E-09
 0.2464713524229E-01 0.2393045372159E+00-0.2500724388448E-09-0.4574325093314E-02
    4    4    0  0.194775
-0.3934318260012E-01-0.5544101050497E-02-0.8094694004378E-09-0.5208042950821E-02
-0.5544101050497E-02-0.2903359448342E-01-0.6234252804223E-10-0.3000989762089E-02
-0.8094694004378E-09-0.6234252804223E-10-0.4795557216218E-03-0.6449772071490E-10
-0.5208042950821E-02-0.3000989762089E-02-0.6449772071490E-10-0.2861704485649E-01
 0.2762032717457E+00 0.1835168827152E-01 0.6472419339990E-08 0.2134447539411E-01
 0.1835168827152E-01 0.3163602164717E-01-0.6571861808360E-10 0.2363194321974E+00
 0.6472419339990E-08-0.6571861808360E-10-0.3096581130139E-01-0.2420377578228E-11
 0.2134447539411E-01 0.2363194321974E+00-0.2420377578228E-11-0.8750093815062E-02
    4    4    0  0.198450
-0.5053528448308E-01-0.6626329365736E-02-0.5808047327411E-09-0.6499743310378E-02
-0.6626329365736E-02-0.3084494595775E-01 0.7403841361786E-09-0.6354825049542E-02
-0.5808047327411E-09 0.7403841361786E-09-0.4231307796344E-03 0.2945871734476E-08
-0.6499743310378E-02-0.6354825049542E-02 0.2945871734476E-08-0.2967334825679E-01
 0.3121071982924E+00 0.1694855367091E-01 0.4458073633282E-08 0.2706367282816E-01
 0.1694855367091E-01 0.5219703314038E-01-0.2489850496744E-07 0.2400883284166E+00
 0.4458073633282E-08-0.2489850496744E-07 0.2908749765125E-01 0.2105722541556E-08
 0.2706367282816E-01 0.2400883284166E+00 0.2105722541556E-08-0.2951376537243E-02
    4    4    0  0.202125
-0.5579886248857E-01-0.5544125578467E-02-0.6515734328434E-09-0.5793032929313E-02
-0.5544125578467E-02-0.2594590560444E-01-0.1298747202939E-08 0.4243255780127E-02
-0.6515734328434E-09-0.1298747202939E-08-0.4530688174744E-02 0.2374293562479E-08
-0.5793032929313E-02 0.4243255780127E-02 0.2374293562479E-08-0.2595678041252E-01
 0.3279848899880E+00 0.1813587998109E-01 0.7217169464119E-08 0.2273581228022E-01
 0.1813587998109E-01-0.2159072696644E-01-0.2186512577815E-07 0.2244433313992E+00
 0.7217169464119E-08-0.2186512577815E-07-0.9508338032564E-01-0.6137757544667E-09
 0.2273581228022E-01 0.2244433313992E+00-0.6137757544667E-09-0.1721963286172E-01
   10   10    0  0.205800
-0.7859910854451E-01-0.6565651694419E-02 0.3785511670893E-08-0.8525513582135E-02
 0.1261656041976E+00-0.1698158467055E-03-0.3147015404415E-02-0.1261655914405E+00
 0.1699300169623E-03-0.3146995660164E-02-0.6565651694419E-02-0.3530035650159E-01
 0.7258844859828E-10-0.4107929926583E-02-0.2528622609581E-03-0.3010861938153E-02
-0.1712801389965E-02 0.2529010731565E-03 0.3010771364958E-02-0.1712810933899E-02
 0.3785511670568E-08 0.7258844848985E-10-0.9105645093764E-02 0.2507885836934E-09
 0.7457563094562E-04 0.1376694065276E-03-0.2540022501199E-03 0.7460721166473E-04
 0.1376604991177E-03 0.2539934271503E-03-0.8525513582135E-02-0.4107929926583E-02
 0.2507885834765E-09-0.3067315505233E-01 0.8581509024433E-02-0.8152104043006E-02
 0.1410992293497E-02-0.8581497252137E-02 0.8152086151731E-02 0.1410993310468E-02
 0.1261656041976E+00-0.2528622609581E-03 0.7457563094562E-04 0.8581509024433E-02
-0.1357865025451E+01-0.1052748465237E-01 0.2643542383341E-02-0.9587265021195E-01
 0.7020000111073E-03 0.7351157965267E-02-0.1698158467055E-03-0.3010861938153E-02
 0.1376694065276E-03-0.8152104043006E-02-0.1052748465237E-01-0.4421343370879E-02
 0.3160385404323E-03 0.7019635040579E-03 0.2298299561119E-02 0.3849722090434E-03
-0.3147015404415E-02-0.1712801389965E-02-0.2540022501199E-03 0.1410992293497E-02
 0.2643542383341E-02 0.3160385404323E-03-0.5704831310928E-02-0.7351105608006E-02
-0.3849559088993E-03 0.3630768850998E-02-0.1261655914405E+00 0.2529010731565E-03
 0.7460721166473E-04-0.8581497252137E-02-0.9587265021195E-01 0.7019635040579E-03
-0.7351105608006E-02-0.1357864413266E+01-0.1052639871290E-01-0.2643268525390E-02
 0.1699300169623E-03 0.3010771364958E-02 0.1376604991177E-03 0.8152086151731E-02
 0.7020000111073E-03 0.2298299561119E-02-0.3849559088993E-03-0.1052639871290E-01
-0.4421435301948E-02-0.3160163202852E-03-0.3146995660164E-02-0.1712810933899E-02
 0.2539934271503E-03 0.1410993310468E-02 0.7351157965267E-02 0.3849722090434E-03
 0.3630768850998E-02-0.2643268525390E-02-0.3160163202852E-03-0.5704820152247E-02
 0.2898131521466E+00 0.1846302862063E-01 0.5614545923645E-08 0.2270120115627E-01
 0.1303648531642E+00 0.3600991571919E-02 0.9627819436443E-02-0.1303649227052E+00
-0.3600969871768E-02 0.9627863358733E-02 0.1846302862063E-01 0.2783304390971E-01
 0.6599217749378E-09 0.2388213664048E+00 0.3313634194042E-02 0.7309548323091E-01
-0.1434267071692E-01-0.3313671349742E-02-0.7309547341177E-01-0.1434266768256E-01
 0.5614545923640E-08 0.6599217748622E-09-0.3524893538628E-01 0.2086856822681E-10
-0.2554288774385E-03 0.2739999123709E-04 0.9188465608715E-01-0.2554232342489E-03
 0.2739871162820E-04-0.9188465539797E-01 0.2270120115627E-01 0.2388213664048E+00
 0.2086856819686E-10-0.7956875279601E-02 0.9548671168284E-02 0.2272957377740E-01
 0.2451331527484E-01-0.9548679742833E-02-0.2272958110613E-01 0.2451331940906E-01
 0.1303648531642E+00 0.3313634194042E-02-0.2554288774385E-03 0.9548671168284E-02
-0.9104933246232E+00-0.6340266201863E-02 0.3901907186376E-02 0.1944726961946E-01
 0.7521735483893E-03 0.6909476578246E-02 0.3600991571919E-02 0.7309548323091E-01
 0.2739999123709E-04 0.2272957377740E-01-0.6340266201863E-02-0.4565957248055E-01
-0.1350568897640E-01 0.7522121739458E-03-0.1841046692322E-01-0.1054780853427E-01
 0.9627819436443E-02-0.1434267071692E-01 0.9188465608715E-01 0.2451331527484E-01
 0.3901907186376E-02-0.1350568897640E-01 0.3985330681035E-01-0.6909450684814E-02
 0.1054777963953E-01-0.8698184443880E-03-0.1303649227052E+00-0.3313671349742E-02
-0.2554232342489E-03-0.9548679742833E-02 0.1944726961946E-01 0.7522121739458E-03
-0.6909450684814E-02-0.9104935767505E+00-0.6339545416473E-02-0.3901710798574E-02
-0.3600969871768E-02-0.7309547341177E-01 0.2739871162820E-04-0.2272958110613E-01
 0.7521735483893E-03-0.1841046692322E-01 0.1054777963953E-01-0.6339545416473E-02
-0.4566202430582E-01 0.1350546128182E-01 0.9627863358733E-02-0.1434266768256E-01
-0.9188465539797E-01 0.2451331940906E-01 0.6909476578246E-02-0.1054780853427E-01
-0.8698184443880E-03-0.3901710798574E-02 0.1350546128182E-01 0.3985311188764E-01
   10   10    0  0.209475
-0.7923957796103E-01-0.6699681673110E-02 0.3885826726471E-08-0.8702747560863E-02
 0.1259981534569E+00-0.1632290749586E-03-0.3230000185143E-02-0.1259981362969E+00
 0.1633398847086E-03-0.3229980534320E-02-0.6699681673110E-02-0.3568078949739E-01
 0.3316870833981E-10-0.4210728224332E-02-0.2633100609609E-03-0.3089060172070E-02
-0.1749073235545E-02 0.2633500333743E-03 0.3088971128624E-02-0.1749083741271E-02
 0.3885826726634E-08 0.3316870833981E-10-0.9241692943811E-02 0.2434348673162E-09
 0.7778829892346E-04 0.1318048294442E-03-0.2481701524744E-03 0.7782139580127E-04
 0.1317946436037E-03 0.2481614480508E-03-0.8702747560863E-02-0.4210728224332E-02
 0.2434348668826E-09-0.3100443061928E-01 0.8698207232375E-02-0.8265921929394E-02
 0.1427090284717E-02-0.8698195195291E-02 0.8265903917958E-02 0.1427091010898E-02
 0.1259981534569E+00-0.2633100609609E-03 0.7778829892346E-04 0.8698207232375E-02
-0.1362290883260E+01-0.1097598817431E-01 0.2861314788548E-02-0.9563745301338E-01
 0.6991980343681E-03 0.7457000785735E-02-0.1632290749585E-03-0.3089060172070E-02
 0.1318048294442E-03-0.8265921929394E-02-0.1097598817431E-01-0.4485681403309E-02
 0.3222591291497E-03 0.6991617629770E-03 0.2343302402742E-02 0.3903238639206E-03
-0.3230000185143E-02-0.1749073235545E-02-0.2481701524744E-03 0.1427090284717E-02
 0.2861314788548E-02 0.3222591291497E-03-0.5780905802644E-02-0.7456973877478E-02
-0.3903077469898E-03 0.3683215504909E-02-0.1259981362969E+00 0.2633500333743E-03
 0.7782139580127E-04-0.8698195195291E-02-0.9563745301338E-01 0.6991617629770E-03
-0.7456973877478E-02-0.1362290273114E+01-0.1097492540015E-01-0.2861067536763E-02
 0.1633398847086E-03 0.3088971128624E-02 0.1317946436037E-03 0.8265903917958E-02
 0.6991980343681E-03 0.2343302402742E-02-0.3903077469898E-03-0.1097492540015E-01
-0.4485770931265E-02-0.3222370070393E-03-0.3229980534320E-02-0.1749083741271E-02
 0.2481614480508E-03 0.1427091010898E-02 0.7457000785735E-02 0.3903238639206E-03
 0.3683215504909E-02-0.2861067536763E-02-0.3222370070393E-03-0.5780894312299E-02
 0.2923255791052E+00 0.1869838413479E-01 0.5611649886386E-08 0.2310556860443E-01
 0.1299050058361E+00 0.3671112832089E-02 0.9805701507506E-02-0.1299050717044E+00
-0.3671090250051E-02 0.9805743887539E-02 0.1869838413479E-01 0.2759909847447E-01
 0.7266857756408E-09 0.2399732640895E+00 0.3321949069537E-02 0.7368947613853E-01
-0.1448530462604E-01-0.3321984100002E-02-0.7368946933131E-01-0.1448530204593E-01
 0.5611649886433E-08 0.7266857756431E-09-0.3534505995303E-01 0.3566592892582E-10
-0.2480706277206E-03 0.2592954310471E-04 0.9259700158634E-01-0.2480639742779E-03
 0.2592772559943E-04-0.9259700098746E-01 0.2310556860443E-01 0.2399732640895E+00
 0.3566592896881E-10-0.7381828228549E-02 0.9643427687144E-02 0.2314656612143E-01
 0.2478943243486E-01-0.9643436543779E-02-0.2314657404347E-01 0.2478943626462E-01
 0.1299050058361E+00 0.3321949069537E-02-0.2480706277206E-03 0.9643427687144E-02
-0.9088323468657E+00-0.6588206991160E-02 0.4077503456864E-02 0.1993835587871E-01
 0.7757884132106E-03 0.6997229621522E-02 0.3671112832089E-02 0.7368947613853E-01
 0.2592954310471E-04 0.2314656612143E-01-0.6588206991160E-02-0.4554147706901E-01
-0.1352672553319E-01 0.7758257350946E-03-0.1874527261904E-01-0.1071685881787E-01
 0.9805701507506E-02-0.1448530462604E-01 0.9259700158634E-01 0.2478943243486E-01
 0.4077503456864E-02-0.1352672553319E-01 0.3970107163245E-01-0.6997220364352E-02
 0.1071686212237E-01-0.9510004292968E-03-0.1299050717044E+00-0.3321984100002E-02
-0.2480639742779E-03-0.9643436543779E-02 0.1993835587871E-01 0.7758257350946E-03
-0.6997220364352E-02-0.9088326027191E+00-0.6587505581532E-02-0.4077325300365E-02
-0.3671090250051E-02-0.7368946933131E-01 0.2592772559943E-04-0.2314657404347E-01
 0.7757884132106E-03-0.1874527261904E-01 0.1071686212237E-01-0.6587505581532E-02
-0.4554387473654E-01 0.1352650414503E-01 0.9805743887539E-02-0.1448530204593E-01
-0.9259700098746E-01 0.2478943626462E-01 0.6997229621522E-02-0.1071685881787E-01
-0.9510004292968E-03-0.4077325300365E-02 0.1352650414503E-01 0.3970088030042E-01
   10   10    0  0.213150
-0.7990148581834E-01-0.6834141012432E-02 0.4087465733287E-08-0.8882435535770E-02
 0.1258278776534E+00-0.1556996617154E-03-0.3314287254535E-02-0.1258278600919E+00
 0.1558072654204E-03-0.3314271136288E-02-0.6834141012432E-02-0.3604654020087E-01
-0.7370344135352E-11-0.4319735878167E-02-0.2734401060306E-03-0.3166146710392E-02
-0.1782743430856E-02 0.2734812118552E-03 0.3166059126358E-02-0.1782753792420E-02
 0.4087465733612E-08-0.7370344243772E-11-0.9372119407370E-02 0.2533707219726E-09
 0.8003035546456E-04 0.1265746395464E-03-0.2456837394184E-03 0.8006393234075E-04
 0.1265646746320E-03 0.2456751868835E-03-0.8882435535770E-02-0.4319735878167E-02
 0.2533707213221E-09-0.3132271484606E-01 0.8820610576478E-02-0.8376490959699E-02
 0.1440865226870E-02-0.8820598434483E-02 0.8376473256311E-02 0.1440865764484E-02
 0.1258278776534E+00-0.2734401060306E-03 0.8003035546456E-04 0.8820610576478E-02
-0.1366686542266E+01-0.1143042094778E-01 0.3082094546502E-02-0.9540103501121E-01
 0.6981206359016E-03 0.7567688095916E-02-0.1556996617154E-03-0.3166146710392E-02
 0.1265746395464E-03-0.8376490959699E-02-0.1143042094778E-01-0.4547962452077E-02
 0.3290276483735E-03 0.6980854012123E-03 0.2387679618095E-02 0.3962055403602E-03
-0.3314287254535E-02-0.1782743430856E-02-0.2456837394184E-03 0.1440865226870E-02
 0.3082094546502E-02 0.3290276483735E-03-0.5856650082001E-02-0.7567662039743E-02
-0.3961895369036E-03 0.3733462065753E-02-0.1258278600919E+00 0.2734812118552E-03
 0.8006393234075E-04-0.8820598434483E-02-0.9540103501121E-01 0.6980854012123E-03
-0.7567662039743E-02-0.1366685934358E+01-0.1142938255724E-01-0.3081875134819E-02
 0.1558072654204E-03 0.3166059126358E-02 0.1265646746320E-03 0.8376473256311E-02
 0.6981206359016E-03 0.2387679618095E-02-0.3961895369036E-03-0.1142938255724E-01
-0.4548049140161E-02-0.3290059785344E-03-0.3314271136288E-02-0.1782753792420E-02
 0.2456751868835E-03 0.1440865764484E-02 0.7567688095916E-02 0.3962055403602E-03
 0.3733462065753E-02-0.3081875134819E-02-0.3290059785344E-03-0.5856639004022E-02
 0.2948754190885E+00 0.1893348833790E-01 0.5753622061677E-08 0.2350562269136E-01
 0.1294527942629E+00 0.3737690212668E-02 0.9982090747153E-02-0.1294528595926E+00
-0.3737666934255E-02 0.9982133853157E-02 0.1893348833790E-01 0.2738554435960E-01
 0.7355900156588E-09 0.2410697959228E+00 0.3330569513960E-02 0.7425938559964E-01
-0.1462221271354E-01-0.3330602610503E-02-0.7425938154895E-01-0.1462221055948E-01
 0.5753622061686E-08 0.7355900156491E-09-0.3542333591308E-01 0.4749879828502E-10
-0.2412500093391E-03 0.2429131020126E-04 0.9327729194698E-01-0.2412411673115E-03
 0.2428896319089E-04-0.9327729156577E-01 0.2350562269136E-01 0.2410697959228E+00
 0.4749879828443E-10-0.6769682149109E-02 0.9741360869971E-02 0.2354851645852E-01
 0.2504821932643E-01-0.9741369748055E-02-0.2354852497833E-01 0.2504822316704E-01
 0.1294527942629E+00 0.3330569513960E-02-0.2412500093391E-03 0.9741360869971E-02
-0.9071572127001E+00-0.6838042900348E-02 0.4253992180093E-02 0.2042431513670E-01
 0.8014875976109E-03 0.7088171839922E-02 0.3737690212668E-02 0.7425938559964E-01
 0.2429131020126E-04 0.2354851645852E-01-0.6838042900348E-02-0.4540839270555E-01
-0.1355620271734E-01 0.8015239811343E-03-0.1906651545838E-01-0.1087734138274E-01
 0.9982090747153E-02-0.1462221271354E-01 0.9327729194698E-01 0.2504821932643E-01
 0.4253992180093E-02-0.1355620271734E-01 0.3960707730027E-01-0.7088161029026E-02
 0.1087734502012E-01-0.1031439124171E-02-0.1294528595926E+00-0.3330602610503E-02
-0.2412411673115E-03-0.9741369748055E-02 0.2042431513670E-01 0.8015239811343E-03
-0.7088161029026E-02-0.9071574714283E+00-0.6837361054575E-02-0.4253835156516E-02
-0.3737666934255E-02-0.7425938154895E-01 0.2428896319089E-04-0.2354852497833E-01
 0.8014875976109E-03-0.1906651545838E-01 0.1087734502012E-01-0.6837361054575E-02
-0.4541073386912E-01 0.1355598800734E-01 0.9982133853157E-02-0.1462221055948E-01
-0.9327729156577E-01 0.2504822316704E-01 0.7088171839922E-02-0.1087734138274E-01
-0.1031439124171E-02-0.4253835156516E-02 0.1355598800734E-01 0.3960689008833E-01
   10   10    0  0.216825
-0.8058458854451E-01-0.6968994516419E-02 0.4271632599452E-08-0.9064503443258E-02
 0.1256544910038E+00-0.1476148091312E-03-0.3399496639259E-02-0.1256544730563E+00
 0.1477191807337E-03-0.3399484071869E-02-0.6968994516419E-02-0.3639814903072E-01
-0.4754964184981E-10-0.4435010617125E-02-0.2835466567287E-03-0.3242582739152E-02
-0.1813980315571E-02 0.2835887721814E-03 0.3242496749641E-02-0.1813990507107E-02
 0.4271632599235E-08-0.4754964184981E-10-0.9497100596198E-02 0.2625805178760E-09
 0.8158435577893E-04 0.1218695280553E-03-0.2463619324545E-03 0.8161832185981E-04
 0.1218598139696E-03 0.2463535417461E-03-0.9064503443258E-02-0.4435010617125E-02
 0.2625805180928E-09-0.3162852383407E-01 0.8948493190236E-02-0.8484158430250E-02
 0.1452359368600E-02-0.8948480957277E-02 0.8484141067997E-02 0.1452359714671E-02
 0.1256544910038E+00-0.2835466567287E-03 0.8158435577893E-04 0.8948493190236E-02
-0.1371049796828E+01-0.1188829416271E-01 0.3303647669441E-02-0.9516341029635E-01
 0.6987548084380E-03 0.7683117437116E-02-0.1476148091312E-03-0.3242582739152E-02
 0.1218695280553E-03-0.8484158430250E-02-0.1188829416271E-01-0.4607716888338E-02
 0.3363710714159E-03 0.6987206798410E-03 0.2431658581840E-02 0.4026377730575E-03
-0.3399496639259E-02-0.1813980315571E-02-0.2463619324545E-03 0.1452359368600E-02
 0.3303647669441E-02 0.3363710714159E-03-0.5931883056331E-02-0.7683092293435E-02
-0.4026219059969E-03 0.3781637844046E-02-0.1256544730563E+00 0.2835887721814E-03
 0.8161832185981E-04-0.8948480957277E-02-0.9516341029635E-01 0.6987206798410E-03
-0.7683092293435E-02-0.1371049191665E+01-0.1188728102444E-01-0.3303456805842E-02
 0.1477191807337E-03 0.3242496749641E-02 0.1218598139696E-03 0.8484141067997E-02
 0.6987548084380E-03 0.2431658581840E-02-0.4026219059969E-03-0.1188728102444E-01
-0.4607800643075E-02-0.3363498847283E-03-0.3399484071869E-02-0.1813990507107E-02
 0.2463535417461E-03 0.1452359714671E-02 0.7683117437116E-02 0.4026377730575E-03
 0.3781637844046E-02-0.3303456805842E-02-0.3363498847283E-03-0.5931872408738E-02
 0.2974614069149E+00 0.1916832665536E-01 0.5906068310306E-08 0.2390122657100E-01
 0.1290079573469E+00 0.3801172261887E-02 0.1015655818748E-01-0.1290080220950E+00
-0.3801148521198E-02 0.1015660185809E-01 0.1916832665536E-01 0.2719178556989E-01
 0.7412998123459E-09 0.2421135086351E+00 0.3339417196254E-02 0.7480661699930E-01
-0.1475354723600E-01-0.3339448349778E-02-0.7480661552552E-01-0.1475354549696E-01
 0.5906068310302E-08 0.7412998123363E-09-0.3548432826423E-01 0.5999422433213E-10
-0.2349447658467E-03 0.2251448820326E-04 0.9392708061119E-01-0.2349337407724E-03
 0.2251162787110E-04-0.9392708042813E-01 0.2390122657100E-01 0.2421135086351E+00
 0.5999422432491E-10-0.6120314997288E-02 0.9842235693614E-02 0.2393609901836E-01
 0.2529057967120E-01-0.9842244597225E-02-0.2393610808658E-01 0.2529058351343E-01
 0.1290079573469E+00 0.3339417196254E-02-0.2349447658467E-03 0.9842235693614E-02
-0.9054693339881E+00-0.7088187476809E-02 0.4429718558075E-02 0.2090500684515E-01
 0.8289552257742E-03 0.7181928339423E-02 0.3801172261887E-02 0.7480661699930E-01
 0.2251448820326E-04 0.2393609901836E-01-0.7088187476809E-02-0.4524984189410E-01
-0.1359158500444E-01 0.8289907298238E-03-0.1937485002990E-01-0.1102963288482E-01
 0.1015655818748E-01-0.1475354723600E-01 0.9392708061119E-01 0.2529057967120E-01
 0.4429718558075E-02-0.1359158500444E-01 0.3956624794855E-01-0.7181916012565E-02
 0.1102963682732E-01-0.1111128942293E-02-0.1290080220950E+00-0.3339448349778E-02
-0.2349337407724E-03-0.9842244597225E-02 0.2090500684515E-01 0.8289907298238E-03
-0.7181916012565E-02-0.9054695952848E+00-0.7087525560357E-02-0.4429582927838E-02
-0.3801148521198E-02-0.7480661552552E-01 0.2251162787110E-04-0.2393610808658E-01
 0.8289552257742E-03-0.1937485002990E-01 0.1102963682732E-01-0.7087525560357E-02
-0.4525212465606E-01 0.1359137738512E-01 0.1015660185809E-01-0.1475354549696E-01
