                  12                   1               12790                   1               12789
T-Matrices                                                  
    7    1    2   16    2    1    0    0   10   16   16     0.00000000
    1    3   -2  0.000000
    2    2   -2  0.151200
    2    4   -2  0.151200
    2    4   -4  0.151200
    3    2   -1  0.237600
    3    4   -3  0.237600
    3    4   -1  0.237600
    4    2    1  0.237600
    4    4    1  0.237600
    4    4    3  0.237600
    7    1   -1  0.860800
    7    3   -1  0.860800
    7    3   -3  0.860800
    8    1    1  0.860800
    8    3    1  0.860800
    8    3    3  0.860800
    1   99     0.00735000     0.00367500
    1    1    0  0.007350
-0.1619432982868E-02
 0.5688798996757E-01
    1    1    0  0.011025
-0.2506375005227E-02
 0.7075639967371E-01
    1    1    0  0.014700
-0.3630087626479E-02
 0.8512929998997E-01
    1    1    0  0.018375
-0.5235421291314E-02
 0.1021931159449E+00
    1    1    0  0.022050
-0.7795113565400E-02
 0.1246172674043E+00
    1    1    0  0.025725
-0.1244243705802E-01
 0.1572579405820E+00
    1    1    0  0.029400
-0.2263650118231E-01
 0.2115669898137E+00
    1    1    0  0.033075
-0.5393291243402E-01
 0.3239707792756E+00
    1    1    0  0.036750
-0.2722117800308E+00
 0.6858019443498E+00
    1    1    0  0.040425
-0.7893146642042E+00
-0.9775539316481E+00
    1    1    0  0.044100
-0.6546844195112E-01
-0.3558802706118E+00
    1    1    0  0.047775
-0.1855157390674E-01
-0.1917263334001E+00
    1    1    0  0.051450
-0.7422973282031E-02
-0.1216176222088E+00
    1    1    0  0.055125
-0.3340574071147E-02
-0.8166999881945E-01
    1    1    0  0.058800
-0.1502362809726E-02
-0.5479478556797E-01
    1    1    0  0.062475
-0.5936334417211E-03
-0.3445162525599E-01
    1    1    0  0.066150
-0.1521920976362E-03
-0.1744594602874E-01
    1    1    0  0.069825
-0.1559985575537E-05
-0.1766343318135E-02
    1    1    0  0.073500
-0.1039673031906E-03
 0.1441956300243E-01
    1    1    0  0.077175
-0.5731927054459E-03
 0.3385346158097E-01
    1    1    0  0.080850
-0.2011845799154E-02
 0.6340066304692E-01
    1    1    0  0.084525
-0.9172081064401E-02
 0.1351296971718E+00
    1    1    0  0.088200
-0.1943864458204E+01
 0.3303329903903E+00
    1    1    0  0.091875
-0.6373307898118E-02
-0.1127208797990E+00
    1    1    0  0.095550
-0.7090275699907E-03
-0.3765039734035E-01
    1    1    0  0.099225
-0.1468533280256E-04
-0.5419451074244E-02
    1    1    0  0.102900
-0.1974192414640E-03
 0.1986956236486E-01
    1    1    0  0.106575
-0.1520364095820E-02
 0.5512183491735E-01
    1    1    0  0.110250
-0.5299660413992E-01
 0.3212235486845E+00
    1    1    0  0.113925
-0.8023323176718E-03
-0.4005022968967E-01
    1    1    0  0.117600
-0.1323785261096E-03
 0.1627081829980E-01
    1    1    0  0.121275
-0.2860053780917E-02
 0.7557729589105E-01
    1    1    0  0.124950
-0.5072525999226E-03
-0.3184725882466E-01
    1    1    0  0.128625
-0.1391006640714E-02
 0.5272644859986E-01
    1    1    0  0.132300
-0.2137352490480E-04
 0.6538087868943E-02
    1    1    0  0.135975
-0.1000669508615E-02
-0.4472513474283E-01
    1    1    0  0.139650
-0.7119209103099E-02
-0.1191122792492E+00
    1    1    0  0.143325
-0.1762269442963E-03
-0.1877292818547E-01
    1    1    0  0.147000
-0.8353800592785E-04
 0.1292551868426E-01
    1    1    0  0.150675
-0.6507348296432E-04
 0.1140801171854E-01
    4    4    0  0.154350
-0.3329824720801E-01-0.1933773358388E-01-0.1388059179384E-02 0.8226013454459E-05
-0.1933773358388E-01-0.3559567069041E-01-0.1417496780845E-01 0.7586755078414E-05
-0.1388059179384E-02-0.1417496780845E-01-0.8806969214864E-02 0.1839543489064E-05
 0.8226013454459E-05 0.7586755078414E-05 0.1839543489064E-05-0.1687194463698E-03
 0.2639203470161E-01 0.2170634079265E+00 0.1315248373514E+00-0.3218863022111E-04
 0.2170634079265E+00 0.1489986471208E+00-0.5682286954258E-02-0.6007756187258E-04
 0.1315248373514E+00-0.5682286954258E-02 0.1564494557972E-02-0.2074558156323E-04
-0.3218863022111E-04-0.6007756187258E-04-0.2074558156323E-04-0.1836859336143E-01
    4    4    0  0.158025
-0.3318053759826E-01-0.1981977952212E-01-0.1582782251429E-02 0.9053107891571E-05
-0.1981977952212E-01-0.3565946858401E-01-0.1423336928482E-01 0.8107816395091E-05
-0.1582782251429E-02-0.1423336928482E-01-0.9084755464611E-02 0.1828934617661E-05
 0.9053107891571E-05 0.8107816395091E-05 0.1828934617661E-05-0.1684238427193E-03
 0.2920531874111E-01 0.2148635064607E+00 0.1335871255130E+00-0.3201702622108E-04
 0.2148635064607E+00 0.1524828483928E+00-0.5880221683199E-02-0.6686903637185E-04
 0.1335871255130E+00-0.5880221683199E-02 0.1336620254080E-02-0.2189973433413E-04
-0.3201702622108E-04-0.6686903637185E-04-0.2189973433413E-04-0.1835247099578E-01
    4    4    0  0.161700
-0.3305235028025E-01-0.2025797270332E-01-0.1760627426313E-02 0.9848386589217E-05
-0.2025797270332E-01-0.3574298419970E-01-0.1426288887819E-01 0.8630585579501E-05
-0.1760627426313E-02-0.1426288887819E-01-0.9325585168974E-02 0.1805105114071E-05
 0.9848386589217E-05 0.8630585579501E-05 0.1805105114071E-05-0.1689611144522E-03
 0.3176425574572E-01 0.2127675192174E+00 0.1353505491414E+00-0.3174278628055E-04
 0.2127675192174E+00 0.1558456158351E+00-0.6059152451214E-02-0.7355843288243E-04
 0.1353505491414E+00-0.6059152451214E-02 0.1090402021963E-02-0.2302122463567E-04
-0.3174278628055E-04-0.7355843288243E-04-0.2302122463567E-04-0.1838169083315E-01
    4    4    0  0.165375
-0.3294390192718E-01-0.2069325532469E-01-0.1937866522507E-02 0.1061625337300E-04
-0.2069325532469E-01-0.3586977404762E-01-0.1427691010868E-01 0.9155001132750E-05
-0.1937866522507E-02-0.1427691010868E-01-0.9534567811194E-02 0.1770158657190E-05
 0.1061625337300E-04 0.9155001132750E-05 0.1770158657190E-05-0.1702097360866E-03
 0.3429952397377E-01 0.2108618357362E+00 0.1368625764245E+00-0.3137626367105E-04
 0.2108618357362E+00 0.1591212037360E+00-0.6211978546077E-02-0.8010699040757E-04
 0.1368625764245E+00-0.6211978546077E-02 0.8294955484159E-03-0.2410636178850E-04
-0.3137626367105E-04-0.8010699040757E-04-0.2410636178850E-04-0.1844945306642E-01
    4    4    0  0.169050
-0.3289224440837E-01-0.2117171301029E-01-0.2134587142620E-02 0.1136380452319E-04
-0.2117171301029E-01-0.3606637251534E-01-0.1429043669022E-01 0.9681678720220E-05
-0.2134587142620E-02-0.1429043669022E-01-0.9717952452693E-02 0.1726601741246E-05
 0.1136380452319E-04 0.9681678720220E-05 0.1726601741246E-05-0.1721046488896E-03
 0.3707298800438E-01 0.2092439940064E+00 0.1381750144835E+00-0.3092679410939E-04
 0.2092439940064E+00 0.1623465479205E+00-0.6328156914354E-02-0.8647855159887E-04
 0.1381750144835E+00-0.6328156914354E-02 0.5589538622567E-03-0.2515137322091E-04
-0.3092679410939E-04-0.8647855159887E-04-0.2515137322091E-04-0.1855182967577E-01
    4    4    0  0.172725
-0.3298248202913E-01-0.2179101022770E-01-0.2396162973521E-02 0.1211090191228E-04
-0.2179101022770E-01-0.3639310221205E-01-0.1433309577957E-01 0.1021639703765E-04
-0.2396162973521E-02-0.1433309577957E-01-0.9888545688529E-02 0.1678960070938E-05
 0.1211090191228E-04 0.1021639703765E-04 0.1678960070938E-05-0.1746052598309E-03
 0.4064481532761E-01 0.2081278665455E+00 0.1393819188303E+00-0.3040479936136E-04
 0.2081278665455E+00 0.1656004772476E+00-0.6381629126321E-02-0.9263923661104E-04
 0.1393819188303E+00-0.6381629126321E-02 0.2891984139371E-03-0.2615213892163E-04
-0.3040479936136E-04-0.9263923661104E-04-0.2615213892163E-04-0.1868608007002E-01
    4    4    0  0.176400
-0.3357392745454E-01-0.2294345434265E-01-0.2908554826964E-02 0.1294512992189E-04
-0.2294345434265E-01-0.3710260529222E-01-0.1451775221392E-01 0.1079360176089E-04
-0.2908554826964E-02-0.1451775221392E-01-0.1009469268308E-01 0.1642590838950E-05
 0.1294512992189E-04 0.1079360176089E-04 0.1642590838950E-05-0.1776835928809E-03
 0.4725292128694E-01 0.2083840758437E+00 0.1408155595920E+00-0.2983009964187E-04
 0.2083840758437E+00 0.1691989226821E+00-0.6263521925296E-02-0.9855477160456E-04
 0.1408155595920E+00-0.6263521925296E-02 0.5880413936875E-04-0.2710222503961E-04
-0.2983009964187E-04-0.9855477160456E-04-0.2710222503961E-04-0.1885003952563E-01
    4    4    0  0.180075
-0.4378585502568E-01-0.3332525865997E-01-0.7735687953536E-02 0.1570823488872E-04
-0.3332525865997E-01-0.4367586681522E-01-0.1720475505913E-01 0.1218696917251E-04
-0.7735687953536E-02-0.1720475505913E-01-0.1132981145511E-01 0.1910349740016E-05
 0.1570823488872E-04 0.1218696917251E-04 0.1910349740016E-05-0.1813183900874E-03
 0.1024385388114E+00 0.2276617598382E+00 0.1488642434562E+00-0.2941438670257E-04
 0.2276617598382E+00 0.1794246215172E+00-0.3806986509697E-02-0.1040814188184E-03
 0.1488642434562E+00-0.3806986509697E-02 0.5974182349324E-03-0.2792133963086E-04
-0.2941438670257E-04-0.1040814188184E-03-0.2792133963086E-04-0.1904182310460E-01
    4    4    0  0.183750
-0.2936742572989E-01-0.1900473480142E-01-0.9247632882654E-03 0.1303095926318E-04
-0.1900473480142E-01-0.3446885505548E-01-0.1306128448391E-01 0.1127609278052E-04
-0.9247632882654E-03-0.1306128448391E-01-0.9660900856351E-02 0.1311184278038E-05
 0.1303095926318E-04 0.1127609278052E-04 0.1311184278038E-05-0.1854910029907E-03
 0.2345218535028E-01 0.1948471758077E+00 0.1378221417193E+00-0.2824788230550E-04
 0.1948471758077E+00 0.1708550357500E+00-0.7807287574710E-02-0.1096224902647E-03
 0.1378221417193E+00-0.7807287574710E-02-0.1057848505856E-02-0.2890131232312E-04
-0.2824788230550E-04-0.1096224902647E-03-0.2890131232312E-04-0.1925963784900E-01
    4    4    0  0.187425
-0.3045935798856E-01-0.2083623565333E-01-0.1758619627268E-02 0.1392707792019E-04
-0.2083623565333E-01-0.3573087061022E-01-0.1343319649400E-01 0.1187928591738E-04
-0.1758619627268E-02-0.1343319649400E-01-0.9878938419015E-02 0.1284421169882E-05
 0.1392707792019E-04 0.1187928591738E-04 0.1284421169882E-05-0.1901814732377E-03
 0.3444062053245E-01 0.1973502768026E+00 0.1393571418348E+00-0.2752885099702E-04
 0.1973502768026E+00 0.1748385059136E+00-0.7402596084468E-02-0.1146628264426E-03
 0.1393571418348E+00-0.7402596084468E-02-0.1235965376637E-02-0.2969007340732E-04
-0.2752885099702E-04-0.1146628264426E-03-0.2969007340732E-04-0.1950158080388E-01
    4    4    0  0.191100
-0.3077998075186E-01-0.2168240073753E-01-0.2109701152582E-02 0.1454205387262E-04
-0.2168240073753E-01-0.3634668285282E-01-0.1350863541510E-01 0.1235562293175E-04
-0.2109701152582E-02-0.1350863541510E-01-0.9950094245587E-02 0.1213923406961E-05
 0.1454205387262E-04 0.1235562293175E-04 0.1213923406961E-05-0.1953565016889E-03
 0.3928408561868E-01 0.1975751688735E+00 0.1398527414267E+00-0.2671354608747E-04
 0.1975751688735E+00 0.1778498722990E+00-0.7289429518087E-02-0.1193784503944E-03
 0.1398527414267E+00-0.7289429518087E-02-0.1524483939468E-02-0.3042888451648E-04
-0.2671354608747E-04-0.1193784503944E-03-0.3042888451648E-04-0.1976508494451E-01
    4    4    0  0.194775
-0.3108889256711E-01-0.2248952207363E-01-0.2436924643190E-02 0.1510866752897E-04
-0.2248952207363E-01-0.3695216795192E-01-0.1356794195046E-01 0.1280221749851E-04
-0.2436924643190E-02-0.1356794195046E-01-0.9995344299378E-02 0.1138460521895E-05
 0.1510866752897E-04 0.1280221749851E-04 0.1138460521895E-05-0.2008804134007E-03
 0.4381952981393E-01 0.1978216135367E+00 0.1401642101850E+00-0.2584380055618E-04
 0.1978216135367E+00 0.1807322445190E+00-0.7173218815734E-02-0.1237431333931E-03
 0.1401642101850E+00-0.7173218815734E-02-0.1814438367519E-02-0.3110882518703E-04
-0.2584380055618E-04-0.1237431333931E-03-0.3110882518703E-04-0.2004253308272E-01
    4    4    0  0.198450
-0.3231952497493E-01-0.2428280927329E-01-0.3219015886803E-02 0.1587169752489E-04
-0.2428280927329E-01-0.3821550401788E-01-0.1389881593545E-01 0.1330977734210E-04
-0.3219015886803E-02-0.1389881593545E-01-0.1013504835847E-01 0.1091583401290E-05
 0.1587169752489E-04 0.1330977734210E-04 0.1091583401290E-05-0.2086423450002E-03
 0.5399880665806E-01 0.2004123643122E+00 0.1411151785023E+00-0.2490801805390E-04
 0.2004123643122E+00 0.1843278843874E+00-0.6771274728342E-02-0.1276998659331E-03
 0.1411151785023E+00-0.6771274728342E-02-0.2119809799471E-02-0.3168717874434E-04
-0.2490801805390E-04-0.1276998659331E-03-0.3168717874434E-04-0.2042603232097E-01
    4    4    0  0.202125
-0.2786604803695E-01-0.1957401792990E-01-0.8947741356602E-03 0.1495612495118E-04
-0.1957401792990E-01-0.3519418874378E-01-0.1236344593719E-01 0.1313185864940E-04
-0.8947741356602E-03-0.1236344593719E-01-0.9470482065832E-02 0.8041844976286E-06
 0.1495612495118E-04 0.1313185864940E-04 0.8041844976286E-06-0.2143462418528E-03
 0.2540483081449E-01 0.1878976027297E+00 0.1364577638014E+00-0.2400789399483E-04
 0.1878976027297E+00 0.1823181006353E+00-0.8266389618895E-02-0.1315000698582E-03
 0.1364577638014E+00-0.8266389618895E-02-0.2926284221479E-02-0.3234034987423E-04
-0.2400789399483E-04-0.1315000698582E-03-0.3234034987423E-04-0.2070331442235E-01
    4    4    0  0.205800
-0.2972387309896E-01-0.2225858821966E-01-0.2114310929938E-02 0.1589283801204E-04
-0.2225858821966E-01-0.3710281338229E-01-0.1296636840316E-01 0.1368651654103E-04
-0.2114310929938E-02-0.1296636840316E-01-0.9697858199947E-02 0.7973509659010E-06
 0.1589283801204E-04 0.1368651654103E-04 0.7973509659010E-06-0.2212609723568E-03
 0.4146767835534E-01 0.1930837485712E+00 0.1380703422646E+00-0.2301188237701E-04
 0.1930837485712E+00 0.1866214456070E+00-0.7517998103714E-02-0.1346813298542E-03
 0.1380703422646E+00-0.7517998103714E-02-0.3021612323690E-02-0.3279816579548E-04
-0.2301188237701E-04-0.1346813298542E-03-0.3279816579548E-04-0.2103456211643E-01
    4    4    0  0.209475
-0.3080839448818E-01-0.2389209708101E-01-0.2824634826636E-02 0.1650770705526E-04
-0.2389209708101E-01-0.3830163660827E-01-0.1325603480920E-01 0.1410077032068E-04
-0.2824634826636E-02-0.1325603480920E-01-0.9781268125256E-02 0.7532674067990E-06
 0.1650770705526E-04 0.1410077032068E-04 0.7532674067990E-06-0.2254709069671E-03
 0.5072342996023E-01 0.1956848565892E+00 0.1386484429749E+00-0.2198737019924E-04
 0.1956848565892E+00 0.1898600951270E+00-0.7089792768474E-02-0.1375047439895E-03
 0.1386484429749E+00-0.7089792768474E-02-0.3083020848525E-02-0.3323581320633E-04
-0.2198737019924E-04-0.1375047439895E-03-0.3323581320633E-04-0.2123369984912E-01
    4    4    0  0.213150
-0.2824839782394E-01-0.2139269554003E-01-0.1549062923222E-02 0.1601766994092E-04
-0.2139269554003E-01-0.3678068398631E-01-0.1235877659400E-01 0.1403568332558E-04
-0.1549062923222E-02-0.1235877659400E-01-0.9344488289436E-02 0.5434587485361E-06
 0.1601766994092E-04 0.1403568332558E-04 0.5434587485361E-06-0.2373323459095E-03
 0.3537759920250E-01 0.1887279515929E+00 0.1355321427285E+00-0.2104535625033E-04
 0.1887279515929E+00 0.1895195468552E+00-0.7889506037396E-02-0.1400769859709E-03
 0.1355321427285E+00-0.7889506037396E-02-0.3912929146686E-02-0.3361164615177E-04
-0.2104535625033E-04-0.1400769859709E-03-0.3361164615177E-04-0.2178501129454E-01
    4    4    0  0.216825
-0.3024743082539E-01-0.2409309521548E-01-0.2747131146821E-02 0.1682100462600E-04
-0.2409309521548E-01-0.3870658445744E-01-0.1294897068917E-01 0.1448009736762E-04
-0.2747131146821E-02-0.1294897068917E-01-0.9529409883767E-02 0.5377471754818E-06
 0.1682100462600E-04 0.1448009736762E-04 0.5377471754818E-06-0.2427616186931E-03
 0.5104115269284E-01 0.1940608920688E+00 0.1368469979004E+00-0.1991417918985E-04
 0.1940608920688E+00 0.1935369093913E+00-0.7115521283437E-02-0.1420402619074E-03
 0.1368469979004E+00-0.7115521283437E-02-0.3880066699774E-02-0.3388198186390E-04
-0.1991417918985E-04-0.1420402619074E-03-0.3388198186390E-04-0.2203275042465E-01
    4    4    0  0.220500
-0.2897647163712E-01-0.2307567305691E-01-0.2178261789158E-02 0.1663296908547E-04
-0.2307567305691E-01-0.3818281687337E-01-0.1248152175307E-01 0.1449832113998E-04
-0.2178261789158E-02-0.1248152175307E-01-0.9256409626290E-02 0.3902650336478E-06
 0.1663296908547E-04 0.1449832113998E-04 0.3902650336478E-06-0.2543070386810E-03
 0.4456024876627E-01 0.1907861233419E+00 0.1348744400911E+00-0.1891368953959E-04
 0.1907861233419E+00 0.1943316245438E+00-0.7435397387133E-02-0.1437632204955E-03
 0.1348744400911E+00-0.7435397387133E-02-0.4494890003484E-02-0.3410596213465E-04
-0.1891368953959E-04-0.1437632204955E-03-0.3410596213465E-04-0.2255053723251E-01
    4    4    0  0.224175
-0.2872258481067E-01-0.2318544938370E-01-0.2143982235861E-02 0.1669024718944E-04
-0.2318544938370E-01-0.3840528582650E-01-0.1233556079997E-01 0.1459813413138E-04
-0.2143982235861E-02-0.1233556079997E-01-0.9112853588776E-02 0.2905438371020E-06
 0.1669024718944E-04 0.1459813413138E-04 0.2905438371020E-06-0.2636114939976E-03
 0.4469573688264E-01 0.1901919572179E+00 0.1338182757949E+00-0.1786214004831E-04
 0.1901919572179E+00 0.1960050936777E+00-0.7407831249976E-02-0.1450355299708E-03
 0.1338182757949E+00-0.7407831249976E-02-0.4867471878865E-02-0.3426116616260E-04
-0.1786214004831E-04-0.1450355299708E-03-0.3426116616260E-04-0.2295932222503E-01
    4    4    0  0.227850
-0.3310583806623E-01-0.2824689818778E-01-0.4337477758338E-02 0.1787180897048E-04
-0.2824689818778E-01-0.4185977426357E-01-0.1353276610418E-01 0.1508832317109E-04
-0.4337477758338E-02-0.1353276610418E-01-0.9509429865616E-02 0.3420158102748E-06
 0.1787180897048E-04 0.1508832317109E-04 0.3420158102748E-06-0.2756396013421E-03
 0.7303601037967E-01 0.2007437181345E+00 0.1366260548965E+00-0.1640844930016E-04
 0.2007437181345E+00 0.2016241815608E+00-0.5992696846056E-02-0.1456242478750E-03
 0.1366260548965E+00-0.5992696846056E-02-0.4887590521057E-02-0.3420294123650E-04
-0.1640844930016E-04-0.1456242478750E-03-0.3420294123650E-04-0.2347722370338E-01
    4    4    0  0.231525
-0.2899995740087E-01-0.2427091928298E-01-0.2468245985634E-02 0.1689449584207E-04
-0.2427091928298E-01-0.3943359981785E-01-0.1228868555129E-01 0.1476568886606E-04
-0.2468245985634E-02-0.1228868555129E-01-0.8908918568952E-02 0.1317164249497E-06
 0.1689449584207E-04 0.1476568886606E-04 0.1317164249497E-06-0.2818739704591E-03
 0.5000314720936E-01 0.1912108181001E+00 0.1322945777071E+00-0.1568237840121E-04
 0.1912108181001E+00 0.1999016401805E+00-0.7059546057460E-02-0.1463276544157E-03
 0.1322945777071E+00-0.7059546057459E-02-0.5447074061564E-02-0.3434991755743E-04
-0.1568237840121E-04-0.1463276544157E-03-0.3434991755743E-04-0.2374121199265E-01
    4    4    0  0.235200
-0.2709540682626E-01-0.2245255004158E-01-0.1557820253558E-02 0.1636369501767E-04
-0.2245255004158E-01-0.3838501953345E-01-0.1161669231749E-01 0.1457210629369E-04
-0.1557820253558E-02-0.1161669231749E-01-0.8533859747229E-02-0.1966874030912E-07
 0.1636369501767E-04 0.1457210629369E-04-0.1966874030912E-07-0.2939754424864E-03
 0.3857935493950E-01 0.1862749759099E+00 0.1294734529153E+00-0.1479098870199E-04
 0.1862749759099E+00 0.1997548817053E+00-0.7560667907371E-02-0.1465320775030E-03
 0.1294734529153E+00-0.7560667907371E-02-0.6080995016517E-02-0.3432963341654E-04
-0.1479098870199E-04-0.1465320775030E-03-0.3432963341654E-04-0.2424543491769E-01
   10   10    0  0.238875
-0.3510604496565E-01-0.2685627397287E-01-0.3204144824458E-02 0.1652966279550E-04
 0.4549469479617E-01-0.8121419013213E-03 0.6601765477984E-04 0.4549524058968E-01
 0.6566950867239E-04 0.8121233310372E-03-0.2685627397287E-01-0.4066098054889E-01
-0.1225203084773E-01 0.1457890766960E-04 0.1112981696221E-01-0.4951294824451E-03
 0.2359266970449E-03 0.1113280395360E-01 0.2357594739499E-03 0.4960278575088E-03
-0.3204144824458E-02-0.1225203084773E-01-0.8721504425685E-02-0.7683581345496E-07
 0.3013519367351E-02-0.2629312739694E-03 0.1846493363735E-03 0.3008611911891E-02
 0.1845989473455E-03 0.2631687695715E-03 0.1652966279550E-04 0.1457890766960E-04
-0.7683581345495E-07-0.3551427686835E-03 0.1480783500893E-04 0.4745781883590E-04
 0.2060936441095E-04-0.8040169775167E-05-0.2047438898241E-04 0.4719177530749E-04
 0.4549469479617E-01 0.1112981696221E-01 0.3013519367351E-02 0.1480783500893E-04
-0.7258915968202E+00 0.5571071098879E-03-0.3780785154899E-02-0.1546895383435E-01
-0.1530997534527E-02-0.3537264873016E-02-0.8121419013213E-03-0.4951294824451E-03
-0.2629312739694E-03 0.4745781883590E-04 0.5571071098879E-03-0.1573761916968E-03
-0.4952249735790E-04 0.3537270844342E-02 0.2837610476162E-05 0.1229400001186E-04
 0.6601765477984E-04 0.2359266970449E-03 0.1846493363735E-03 0.2060936441095E-04
-0.3780785154899E-02-0.4952249735790E-04-0.3460778627953E-03-0.1530961710006E-02
 0.2262595405796E-04-0.2851978621328E-05 0.4549524058968E-01 0.1113280395360E-01
 0.3008611911891E-02-0.8040169775167E-05-0.1546895383435E-01 0.3537270844342E-02
-0.1530961710006E-02-0.7258804122186E+00-0.3780325868182E-02-0.5571934015385E-03
 0.6566950867239E-04 0.2357594739499E-03 0.1845989473455E-03-0.2047438898241E-04
-0.1530997534527E-02 0.2837610476162E-05 0.2262595405796E-04-0.3780325868182E-02
-0.3460507886547E-03 0.4952611215295E-04 0.8121233310372E-03 0.4960278575088E-03
 0.2631687695715E-03 0.4719177530749E-04-0.3537264873016E-02 0.1229400001186E-04
-0.2851978621328E-05-0.5571934015385E-03 0.4952611215295E-04-0.1574063980438E-03
 0.4705440239219E-01 0.1884839582768E+00 0.1290666006283E+00-0.1331566901803E-04
 0.6957913166872E-01 0.3562525546584E-02-0.5323813733190E-03 0.6958095386670E-01
-0.5310214813475E-03-0.3562122214624E-02 0.1884839582768E+00 0.2017966194791E+00
-0.7330714822259E-02-0.1460178165321E-03 0.3351421751290E-01 0.2961730728923E-03
-0.1563318889300E-03 0.3352005398229E-01-0.1558825306911E-03-0.2951784220216E-03
 0.1290666006283E+00-0.7330714822259E-02-0.6384326001542E-02-0.3412626458457E-04
 0.1267593869226E-01 0.5469242933265E-02 0.5218967651434E-02 0.1266964807959E-01
 0.5222828676959E-02-0.5469063423102E-02-0.1331566901803E-04-0.1460178165321E-03
-0.3412626458457E-04-0.2466722316168E-01-0.1566293833455E-04 0.7127619772135E-02
-0.4598378279413E-05 0.1343904101752E-04 0.4548256044655E-05 0.7131291960552E-02
 0.6957913166872E-01 0.3351421751290E-01 0.1267593869226E-01-0.1566293833455E-04
-0.9571904027302E+00 0.1032678829570E-02-0.4881304379100E-02-0.5603403902068E-04
-0.1955774921242E-02-0.5077936150377E-02 0.3562525546584E-02 0.2961730728923E-03
 0.5469242933265E-02 0.7127619772135E-02 0.1032678829570E-02 0.1067500870298E-01
-0.7863642313422E-02 0.5078035389269E-02-0.2068432792735E-02 0.7123097975605E-03
-0.5323813733190E-03-0.1563318889300E-03 0.5218967651434E-02-0.4598378279413E-05
-0.4881304379100E-02-0.7863642313422E-02-0.2335588866630E-01-0.1955920353042E-02
 0.2913596275554E-02 0.2068463952497E-02 0.6958095386670E-01 0.3352005398229E-01
 0.1266964807959E-01 0.1343904101752E-04-0.5603403902068E-04 0.5078035389269E-02
-0.1955920353042E-02-0.9571869052581E+00-0.4880669398892E-02-0.1032711143497E-02
-0.5310214813475E-03-0.1558825306911E-03 0.5222828676959E-02 0.4548256044655E-05
-0.1955774921242E-02-0.2068432792735E-02 0.2913596275554E-02-0.4880669398892E-02
-0.2335414724995E-01 0.7863571797198E-02-0.3562122214624E-02-0.2951784220216E-03
-0.5469063423102E-02 0.7131291960552E-02-0.5077936150377E-02 0.7123097975605E-03
 0.2068463952497E-02-0.1032711143497E-02 0.7863571797198E-02 0.1067568193461E-01
   10   10    0  0.242550
-0.3501099270603E-01-0.2705789996186E-01-0.3202141521308E-02 0.1639279975665E-04
 0.4584653580407E-01-0.8346432019575E-03 0.7291760586741E-04 0.4584709458093E-01
 0.7255902311275E-04 0.8346034140318E-03-0.2705789996186E-01-0.4095022695256E-01
-0.1213670458401E-01 0.1448845850668E-04 0.1124426425893E-01-0.5059956582556E-03
 0.2445817171518E-03 0.1124723334587E-01 0.2444060845661E-03 0.5069184999109E-03
-0.3202141521308E-02-0.1213670458401E-01-0.8573747517581E-02-0.1543623924227E-06
 0.3072457075719E-02-0.2702861916927E-03 0.1942572466445E-03 0.3067463010154E-02
 0.1942060178369E-03 0.2705353639980E-03 0.1639279975665E-04 0.1448845850668E-04
-0.1543623924227E-06-0.3706791512902E-03 0.1585850899006E-04 0.5083451284727E-04
 0.2102227359383E-04-0.9003575238108E-05-0.2087452519359E-04 0.5057719146979E-04
 0.4584653580407E-01 0.1124426425893E-01 0.3072457075719E-02 0.1585850899006E-04
-0.7293361683445E+00 0.6218066623010E-03-0.4033536021227E-02-0.1552024301393E-01
-0.1575510115477E-02-0.3627451637975E-02-0.8346432019575E-03-0.5059956582556E-03
-0.2702861916927E-03 0.5083451284727E-04 0.6218066623010E-03-0.1641501150195E-03
-0.4911975182551E-04 0.3627443751150E-02 0.3347244608566E-05 0.1365230182448E-04
 0.7291760586741E-04 0.2445817171518E-03 0.1942572466445E-03 0.2102227359383E-04
-0.4033536021227E-02-0.4911975182551E-04-0.3515719728005E-03-0.1575471769070E-02
 0.2361730296776E-04-0.3362629652138E-05 0.4584709458093E-01 0.1124723334587E-01
 0.3067463010154E-02-0.9003575238108E-05-0.1552024301393E-01 0.3627443751150E-02
-0.1575471769070E-02-0.7293253006360E+00-0.4033116441562E-02-0.6218947557824E-03
 0.7255902311275E-04 0.2444060845661E-03 0.1942060178369E-03-0.2087452519359E-04
-0.1575510115477E-02 0.3347244608566E-05 0.2361730296776E-04-0.4033116441562E-02
-0.3515449172393E-03 0.4912412085938E-04 0.8346034140318E-03 0.5069184999109E-03
 0.2705353639980E-03 0.5057719146979E-04-0.3627451637975E-02 0.1365230182448E-04
-0.3362629652138E-05-0.6218947557824E-03 0.4912412085938E-04-0.1641833658538E-03
 0.4743133316872E-01 0.1882997303277E+00 0.1278827499489E+00-0.1226517440419E-04
 0.6985577936195E-01 0.3709835608459E-02-0.5555569724445E-03 0.6985757668582E-01
-0.5541387123315E-03-0.3709441330962E-02 0.1882997303277E+00 0.2032487748227E+00
-0.7221944186367E-02-0.1453250495105E-03 0.3369709990199E-01 0.2197986228472E-03
-0.1255304508451E-03 0.3370288153051E-01-0.1250346764822E-03-0.2186233254332E-03
 0.1278827499489E+00-0.7221944186367E-02-0.6712284363257E-02-0.3392968356436E-04
 0.1267749487634E-01 0.5698813725914E-02 0.5471792579855E-02 0.1267110715566E-01
 0.5475812726251E-02-0.5698604018392E-02-0.1226517440419E-04-0.1453250495105E-03
-0.3392968356436E-04-0.2509746736288E-01-0.1577173481034E-04 0.7458270813095E-02
-0.4156025210264E-05 0.1377595931469E-04 0.4109150017046E-05 0.7462070971469E-02
 0.6985577936195E-01 0.3369709990199E-01 0.1267749487634E-01-0.1577173481034E-04
-0.9581205088966E+00 0.1128902962080E-02-0.5189288337933E-02 0.3242302237301E-04
-0.2002790620806E-02-0.5193122981543E-02 0.3709835608459E-02 0.2197986228472E-03
 0.5698813725914E-02 0.7458270813095E-02 0.1128902962080E-02 0.1077102939289E-01
-0.7875066677481E-02 0.5193207240877E-02-0.2230613111948E-02 0.7298646826625E-03
-0.5555569724445E-03-0.1255304508451E-03 0.5471792579855E-02-0.4156025210264E-05
-0.5189288337933E-02-0.7875066677481E-02-0.2337040146808E-01-0.2002942248540E-02
 0.3128727571165E-02 0.2230655004861E-02 0.6985757668582E-01 0.3370288153051E-01
 0.1267110715566E-01 0.1377595931469E-04 0.3242302237300E-04 0.5193207240877E-02
-0.2002942248540E-02-0.9581171475527E+00-0.5188704425247E-02-0.1128929409684E-02
-0.5541387123315E-03-0.1250346764822E-03 0.5475812726251E-02 0.4109150017046E-05
-0.2002790620806E-02-0.2230613111948E-02 0.3128727571165E-02-0.5188704425247E-02
-0.2336856424930E-01 0.7875050600293E-02-0.3709441330962E-02-0.2186233254332E-03
-0.5698604018392E-02 0.7462070971469E-02-0.5193122981543E-02 0.7298646826625E-03
 0.2230655004861E-02-0.1128929409684E-02 0.7875050600293E-02 0.1077174235493E-01
   10   10    0  0.246225
-0.3492002973558E-01-0.2725796965350E-01-0.3199741643029E-02 0.1621817982735E-04
 0.4619045386908E-01-0.8561496366215E-03 0.8069518417797E-04 0.4619101871083E-01
 0.8032689506648E-04 0.8560864569834E-03-0.2725796965350E-01-0.4124022507182E-01
-0.1202395586064E-01 0.1436134492715E-04 0.1135640382343E-01-0.5164257837430E-03
 0.2532272428795E-03 0.1135935580040E-01 0.2530435087995E-03 0.5173685893882E-03
-0.3199741643029E-02-0.1202395586064E-01-0.8425811825672E-02-0.2267132776507E-06
 0.3131320053797E-02-0.2772196478333E-03 0.2040631096721E-03 0.3126244590677E-02
 0.2040112673569E-03 0.2774802553653E-03 0.1621817982735E-04 0.1436134492715E-04
-0.2267132776507E-06-0.3865322934171E-03 0.1685946960134E-04 0.5435689418251E-04
 0.2140325514385E-04-0.9931005010422E-05-0.2124285210071E-04 0.5410968937779E-04
 0.4619045386908E-01 0.1135640382343E-01 0.3131320053797E-02 0.1685946960134E-04
-0.7327255977091E+00 0.6897411806866E-03-0.4292817786372E-02-0.1556722357987E-01
-0.1617586642942E-02-0.3711593170386E-02-0.8561496366215E-03-0.5164257837430E-03
-0.2772196478333E-03 0.5435689418251E-04 0.6897411806866E-03-0.1709228143914E-03
-0.4900801589287E-04 0.3711584826669E-02 0.3825385528655E-05 0.1509298662452E-04
 0.8069518417797E-04 0.2532272428795E-03 0.2040631096721E-03 0.2140325514385E-04
-0.4292817786372E-02-0.4900801589287E-04-0.3587558036721E-03-0.1617543586507E-02
 0.2470134803566E-04-0.3841679844200E-05 0.4619101871083E-01 0.1135935580040E-01
 0.3126244590677E-02-0.9931005010422E-05-0.1556722357987E-01 0.3711584826669E-02
-0.1617543586507E-02-0.7327150179224E+00-0.4292439603116E-02-0.6898291849007E-03
 0.8032689506648E-04 0.2530435087995E-03 0.2040112673569E-03-0.2124285210071E-04
-0.1617586642942E-02 0.3825385528655E-05 0.2470134803566E-04-0.4292439603116E-02
-0.3587284466612E-03 0.4901281521930E-04 0.8560864569834E-03 0.5173685893882E-03
 0.2774802553653E-03 0.5410968937779E-04-0.3711593170386E-02 0.1509298662452E-04
-0.3841679844200E-05-0.6898291849007E-03 0.4901281521930E-04-0.1709585677125E-03
 0.4778512475056E-01 0.1881521064381E+00 0.1266854778804E+00-0.1122562927286E-04
 0.7012226701638E-01 0.3856530124813E-02-0.5793134689507E-03 0.7012403343449E-01
-0.5778402434984E-03-0.3856155554048E-02 0.1881521064381E+00 0.2046608768799E+00
-0.7101241074054E-02-0.1442584012641E-03 0.3387678417739E-01 0.1407252278593E-03
-0.9382552887203E-04 0.3388251174379E-01-0.9328275214847E-04-0.1393628109861E-03
 0.1266854778804E+00-0.7101241074054E-02-0.7029631370532E-02-0.3366417204936E-04
 0.1267666678475E-01 0.5924791803445E-02 0.5721111487451E-02 0.1267018859530E-01
 0.5725286761105E-02-0.5924549132054E-02-0.1122562927286E-04-0.1442584012641E-03
-0.3366417204936E-04-0.2552719665425E-01-0.1583362599357E-04 0.7784154389480E-02
-0.3701807520368E-05 0.1407182176375E-04 0.3659315591268E-05 0.7788078155787E-02
 0.7012226701638E-01 0.3387678417739E-01 0.1267666678475E-01-0.1583362599357E-04
-0.9590228742298E+00 0.1228965388066E-02-0.5503552453448E-02 0.1204511356051E-03
-0.2046440300627E-02-0.5299563103530E-02 0.3856530124813E-02 0.1407252278593E-03
 0.5924791803445E-02 0.7784154389480E-02 0.1228965388066E-02 0.1084758561949E-01
-0.7895440807801E-02 0.5299650101357E-02-0.2393908487039E-02 0.7471826985117E-03
-0.5793134689507E-03-0.9382552887203E-04 0.5721111487451E-02-0.3701807520368E-05
-0.5503552453448E-02-0.7895440807801E-02-0.2343950532886E-01-0.2046595529881E-02
 0.3345119182148E-02 0.2393952591273E-02 0.7012403343449E-01 0.3388251174379E-01
 0.1267018859530E-01 0.1407182176375E-04 0.1204511356051E-03 0.5299650101357E-02
-0.2046595529881E-02-0.9590196382094E+00-0.5503021652763E-02-0.1228983780776E-02
-0.5778402434984E-03-0.9328275214847E-04 0.5725286761105E-02 0.3659315591268E-05
-0.2046440300627E-02-0.2393908487039E-02 0.3345119182148E-02-0.5503021652763E-02
-0.2343757606850E-01 0.7895424011775E-02-0.3856155554048E-02-0.1393628109861E-03
-0.5924549132054E-02 0.7788078155787E-02-0.5299563103530E-02 0.7471826985117E-03
 0.2393952591273E-02-0.1228983780776E-02 0.7895424011775E-02 0.1084833697915E-01
   10   10    0  0.249900
-0.3483299235727E-01-0.2745634991582E-01-0.3197257569497E-02 0.1600664974569E-04
 0.4652626969880E-01-0.8765523126484E-03 0.8904785110178E-04 0.4652683577705E-01
 0.8867059226005E-04 0.8764647062910E-03-0.2745634991582E-01-0.4153068806623E-01
-0.1191398362666E-01 0.1419846378149E-04 0.1146617168804E-01-0.5264042189258E-03
 0.2617224575091E-03 0.1146910672296E-01 0.2615308627583E-03 0.5273619880707E-03
-0.3197257569497E-02-0.1191398362666E-01-0.8278565716513E-02-0.2936999472020E-06
 0.3189979862310E-02-0.2837214558947E-03 0.2139734591505E-03 0.3184827987694E-02
 0.2139212989264E-03 0.2839925894241E-03 0.1600664974569E-04 0.1419846378149E-04
-0.2936999472020E-06-0.4026479423483E-03 0.1782230439277E-04 0.5803577777631E-04
 0.2174312422847E-04-0.1083418891420E-04-0.2157051643815E-04 0.5779994408551E-04
 0.4652626969880E-01 0.1146617168804E-01 0.3189979862310E-02 0.1782230439277E-04
-0.7360554494221E+00 0.7586680844711E-03-0.4554352856131E-02-0.1560963367930E-01
-0.1657331493788E-02-0.3789945716142E-02-0.8765523126484E-03-0.5264042189258E-03
-0.2837214558947E-03 0.5803577777631E-04 0.7586680844711E-03-0.1776152150915E-03
-0.4914592720077E-04 0.3789936749406E-02 0.4234666758044E-05 0.1658953853223E-04
 0.8904785110178E-04 0.2617224575091E-03 0.2139734591505E-03 0.2174312422847E-04
-0.4554352856131E-02-0.4914592720077E-04-0.3673033667818E-03-0.1657283604785E-02
 0.2589490807736E-04-0.4251873688604E-05 0.4652683577705E-01 0.1146910672296E-01
 0.3184827987694E-02-0.1083418891420E-04-0.1560963367930E-01 0.3789936749406E-02
-0.1657283604785E-02-0.7360451291081E+00-0.4554018525109E-02-0.7587558347172E-03
 0.8867059226005E-04 0.2615308627583E-03 0.2139212989264E-03-0.2157051643815E-04
-0.1657331493788E-02 0.4234666758044E-05 0.2589490807736E-04-0.4554018525109E-02
-0.3672758230635E-03 0.4915114589483E-04 0.8764647062910E-03 0.5273619880707E-03
 0.2839925894241E-03 0.5779994408551E-04-0.3789945716142E-02 0.1658953853223E-04
-0.4251873688604E-05-0.7587558347172E-03 0.4915114589483E-04-0.1776534877580E-03
 0.4811696068101E-01 0.1880356342586E+00 0.1254813548121E+00-0.1019970332320E-04
 0.7037883248932E-01 0.4002588421415E-02-0.6033521029408E-03 0.7038056473350E-01
-0.6018265237796E-03-0.4002235097521E-02 0.1880356342586E+00 0.2060375214020E+00
-0.6968927594945E-02-0.1428265551341E-03 0.3405312759462E-01 0.5939035845632E-04
-0.6133957130738E-04 0.3405880149972E-01-0.6074973151033E-04-0.5783685512832E-04
 0.1254813548121E+00-0.6968927594945E-02-0.7335453487620E-02-0.3333057395956E-04
 0.1267386817241E-01 0.6147107415215E-02 0.5966720319323E-02 0.1266730602965E-01
 0.5971046527078E-02-0.6146830336264E-02-0.1019970332320E-04-0.1428265551341E-03
-0.3333057395956E-04-0.2595485563262E-01-0.1584905043589E-04 0.8105030590475E-02
-0.3239520948362E-05 0.1432625622477E-04 0.3202512343229E-05 0.8109073685252E-02
 0.7037883248932E-01 0.3405312759463E-01 0.1267386817241E-01-0.1584905043589E-04
-0.9598970053388E+00 0.1329802046587E-02-0.5818587272064E-02 0.2079458204477E-03
-0.2086963472740E-02-0.5397746183909E-02 0.4002588421415E-02 0.5939035845632E-04
 0.6147107415215E-02 0.8105030590475E-02 0.1329802046587E-02 0.1090177679695E-01
-0.7921112443208E-02 0.5397835913405E-02-0.2557952077411E-02 0.7642572126205E-03
-0.6033521029408E-03-0.6133957130738E-04 0.5966720319323E-02-0.3239520948362E-05
-0.5818587272064E-02-0.7921112443208E-02-0.2355203379756E-01-0.2087122033161E-02
 0.3562308970190E-02 0.2557998332747E-02 0.7038056473350E-01 0.3405880149972E-01
 0.1266730602965E-01 0.1432625622477E-04 0.2079458204477E-03 0.5397835913405E-02
-0.2087122033161E-02-0.9598938841749E+00-0.5818112519124E-02-0.1329812012482E-02
-0.6018265237796E-03-0.6074973151033E-04 0.5971046527078E-02 0.3202512343229E-05
-0.2086963472740E-02-0.2557952077411E-02 0.3562308970190E-02-0.5818112519124E-02
-0.2355001651079E-01 0.7921094956606E-02-0.4002235097521E-02-0.5783685512832E-04
-0.6146830336264E-02 0.8109073685252E-02-0.5397746183909E-02 0.7642572126205E-03
 0.2557998332747E-02-0.1329812012482E-02 0.7921094956606E-02 0.1090256525736E-01
   10   10    0  0.253575
-0.3474972159061E-01-0.2765293279689E-01-0.3194991706869E-02 0.1575916171839E-04
 0.4685407671466E-01-0.8958413028225E-03 0.9784436927909E-04 0.4685463953422E-01
 0.9745884705217E-04 0.8957283623345E-03-0.2765293279689E-01-0.4182141825612E-01
-0.1180697624843E-01 0.1400084017871E-04 0.1157360204123E-01-0.5359550338798E-03
 0.2700101701788E-03 0.1157652011817E-01 0.2698109658365E-03 0.5369225574535E-03
-0.3194991706869E-02-0.1180697624843E-01-0.8132797984482E-02-0.3551846221293E-06
 0.3248353011805E-02-0.2897976129724E-03 0.2239431469222E-03 0.3243129684048E-02
 0.2238909638095E-03 0.2900782913679E-03 0.1575916171839E-04 0.1400084017871E-04
-0.3551846221293E-06-0.4189699536662E-03 0.1875018000334E-04 0.6187648869591E-04
 0.2203858349012E-04-0.1171643976518E-04-0.2185433014270E-04 0.6165313435875E-04
 0.4685407671466E-01 0.1157360204123E-01 0.3248353011805E-02 0.1875018000334E-04
-0.7393263476363E+00 0.8276448224962E-03-0.4816344239588E-02-0.1564728443311E-01
-0.1694845100996E-02-0.3862758811936E-02-0.8958413028225E-03-0.5359550338798E-03
-0.2897976129724E-03 0.6187648869591E-04 0.8276448224962E-03-0.1841819338838E-03
-0.4951335952486E-04 0.3862749048490E-02 0.4551176128923E-05 0.1813058683637E-04
 0.9784436927909E-04 0.2700101701788E-03 0.2239431469222E-03 0.2203858349012E-04
-0.4816344239588E-02-0.4951335952486E-04-0.3770536685041E-03-0.1694792275019E-02
 0.2721385812059E-04-0.4569299404221E-05 0.4685463953422E-01 0.1157652011817E-01
 0.3243129684048E-02-0.1171643976518E-04-0.1564728443311E-01 0.3862749048490E-02
-0.1694792275019E-02-0.7393162587166E+00-0.4816055871665E-02-0.8277321603884E-03
 0.9745884705217E-04 0.2698109658365E-03 0.2238909638095E-03-0.2185433014270E-04
-0.1694845100996E-02 0.4551176128923E-05 0.2721385812059E-04-0.4816055871665E-02
-0.3770260582724E-03 0.4951898552717E-04 0.8957283623345E-03 0.5369225574535E-03
 0.2900782913679E-03 0.6165313435875E-04-0.3862758811936E-02 0.1813058683637E-04
-0.4569299404221E-05-0.8277321603884E-03 0.4951898552717E-04-0.1842227326577E-03
 0.4842807903706E-01 0.1879450820861E+00 0.1242765761323E+00-0.9190051386354E-05
 0.7062572849248E-01 0.4148010734333E-02-0.6274906461625E-03 0.7062742366139E-01
-0.6259154401673E-03-0.4147680025134E-02 0.1879450820861E+00 0.2073833253012E+00
-0.6825334161284E-02-0.1410391054513E-03 0.3422601703643E-01-0.2378185666428E-04
-0.2821421671795E-04 0.3423163746772E-01-0.2757739903014E-04 0.2552955803161E-04
 0.1242765761323E+00-0.6825334161284E-02-0.7628870698082E-02-0.3292990795084E-04
 0.1266950736613E-01 0.6365691698929E-02 0.6208430700106E-02 0.1266286774221E-01
 0.6212903556927E-02-0.6365378921286E-02-0.9190051386354E-05-0.1410391054513E-03
-0.3292990795084E-04-0.2637892724925E-01-0.1581875873865E-04 0.8420672697973E-02
-0.2772819926476E-05 0.1453922928085E-04 0.2742381046705E-05 0.8424830908763E-02
 0.7062572849248E-01 0.3422601703643E-01 0.1266950736613E-01-0.1581875873865E-04
-0.9607437902312E+00 0.1430143811925E-02-0.6132107410155E-02 0.2949028336769E-03
-0.2124549425267E-02-0.5488107993723E-02 0.4148010734333E-02-0.2378185666428E-04
 0.6365691698929E-02 0.8420672697973E-02 0.1430143811925E-02 0.1093215713121E-01
-0.7950353231659E-02 0.5488200443105E-02-0.2722404041225E-02 0.7810847965480E-03
-0.6274906461625E-03-0.2821421671795E-04 0.6208430700106E-02-0.2772819926476E-05
-0.6132107410155E-02-0.7950353231659E-02-0.2370223257950E-01-0.2124711050932E-02
 0.3779861834162E-02 0.2722452382284E-02 0.7062742366139E-01 0.3423163746772E-01
 0.1266286774221E-01 0.1453922928085E-04 0.2949028336769E-03 0.5488200443105E-02
-0.2124711050932E-02-0.9607407739216E+00-0.6131691170105E-02-0.1430145013052E-02
-0.6259154401673E-03-0.2757739903014E-04 0.6212903556927E-02 0.2742381046705E-05
-0.2124549425267E-02-0.2722404041225E-02 0.3779861834162E-02-0.6131691170105E-02
-0.2370013157273E-01 0.7950335085051E-02-0.4147680025134E-02 0.2552955803161E-04
-0.6365378921286E-02 0.8424830908763E-02-0.5488107993723E-02 0.7810847965480E-03
 0.2722452382284E-02-0.1430145013052E-02 0.7950335085051E-02 0.1093298126040E-01
   10   10    0  0.257250
-0.3467003533591E-01-0.2784762471140E-01-0.3193231117470E-02 0.1547674065337E-04
 0.4717402725112E-01-0.9140411768139E-03 0.1070095336580E-03 0.4717458265739E-01
 0.1066164245847E-03 0.9139021247719E-03-0.2784762471140E-01-0.4211229516722E-01
-0.1170311101979E-01 0.1376960426639E-04 0.1167875149681E-01-0.5451140846126E-03
 0.2780626552946E-03 0.1168165242964E-01 0.2778561064133E-03 0.5460859821242E-03
-0.3193231117470E-02-0.1170311101979E-01-0.7989220117314E-02-0.4110803634576E-06
 0.3306371387170E-02-0.2954620375427E-03 0.2339445400022E-03 0.3301081520080E-02
 0.2338926248454E-03 0.2957512114570E-03 0.1547674065337E-04 0.1376960426639E-04
