                  12                   1               12790                   1               12789
T-Matrices                                                  
    3    1    2   16    2    1    0    0   10   16   16     0.00000000
    1    2   -2  0.000000
    1    4   -2  0.000000
    1    4   -4  0.000000
    2    3   -2  0.151200
    3    1   -1  0.237600
    3    3   -1  0.237600
    3    3   -3  0.237600
    4    1    1  0.237600
    4    3    1  0.237600
    4    3    3  0.237600
    7    2   -1  0.860800
    7    4   -3  0.860800
    7    4   -1  0.860800
    8    2    1  0.860800
    8    4    1  0.860800
    8    4    3  0.860800
    1   99     0.00735000     0.00367500
    3    3    0  0.007350
-0.2729434625391E-01-0.6194179338143E-03 0.4975688418900E-05-0.6194179338143E-03
-0.3368755184810E-03 0.4976197499136E-06 0.4975688418900E-05 0.4976197499136E-06
-0.1583124313134E-03
 0.2319931366935E+00 0.4744480608356E-02-0.4356525528290E-04 0.4744480608356E-02
 0.2550947710663E-01-0.1017571907003E-03-0.4356525528290E-04-0.1017571907003E-03
-0.1779290651745E-01
    3    3    0  0.011025
-0.2998811786060E-01-0.6954966241562E-03 0.6983771190977E-05-0.6954966241562E-03
-0.3558778877440E-03 0.5996273069578E-06 0.6983771190977E-05 0.5996273069578E-06
-0.1595242438160E-03
 0.2430032148905E+00 0.5089091768535E-02-0.5866760284651E-04 0.5089091768535E-02
 0.2617699294380E-01-0.1076842362586E-03-0.5866760284651E-04-0.1076842362586E-03
-0.1786079373188E-01
    3    3    0  0.014700
-0.3338611917574E-01-0.7881308197527E-03 0.9108517881960E-05-0.7881308197527E-03
-0.3758762169103E-03 0.7067457788688E-06 0.9108517881960E-05 0.7067457788688E-06
-0.1613839769170E-03
 0.2561776745601E+00 0.5475212672395E-02-0.7258016330373E-04 0.5475212672395E-02
 0.2685142765854E-01-0.1134860863060E-03-0.7258016330373E-04-0.1134860863060E-03
-0.1796451164406E-01
    3    3    0  0.018375
-0.3789300231773E-01-0.9053900602449E-03 0.1132291302771E-04-0.9053900602449E-03
-0.3971151401655E-03 0.8174452836293E-06 0.1132291302771E-04 0.8174452836293E-06
-0.1638330758451E-03
 0.2726064577078E+00 0.5917535376059E-02-0.8451349701000E-04 0.5917535376059E-02
 0.2753582087120E-01-0.1191305558008E-03-0.8451349701000E-04-0.1191305558008E-03
-0.1810021676435E-01
    3    3    0  0.022050
-0.4428296952059E-01-0.1062794799275E-02 0.1355668986768E-04-0.1062794799275E-02
-0.4200241247314E-03 0.9286482223068E-06 0.1355668986768E-04 0.9286482223068E-06
-0.1668331837171E-03
 0.2942146936259E+00 0.6444634297677E-02-0.9315812483121E-04 0.6444634297677E-02
 0.2823461465713E-01-0.1245772146707E-03-0.9315812483121E-04-0.1245772146707E-03
-0.1826510748827E-01
    3    3    0  0.025725
-0.5422768678404E-01-0.1293448521467E-02 0.1559559388022E-04-0.1293448521467E-02
-0.4454101047608E-03 0.1033110243494E-05 0.1559559388022E-04 0.1033110243494E-05
-0.1703563404600E-03
 0.3247498164881E+00 0.7113773111153E-02-0.9604645451195E-04 0.7113773111153E-02
 0.2895386333194E-01-0.1297670750601E-03-0.9604645451195E-04-0.1297670750601E-03
-0.1845690523712E-01
    3    3    0  0.029400
-0.7203516173732E-01-0.1680788445440E-02 0.1666293807609E-04-0.1680788445440E-02
-0.4750669086147E-03 0.1109669639192E-05 0.1666293807609E-04 0.1109669639192E-05
-0.1743800446378E-03
 0.3725769310827E+00 0.8053344310519E-02-0.8769870804397E-04 0.8053344310519E-02
 0.2970199669682E-01-0.1345929798022E-03-0.8769870804397E-04-0.1345929798022E-03
-0.1867360692681E-01
    3    3    0  0.033075
-0.1124891022806E+00-0.2502116382535E-02 0.1303882404677E-04-0.2502116382535E-02
-0.5143631963861E-03 0.1073397971030E-05 0.1303882404677E-04 0.1073397971030E-05
-0.1788844779249E-03
 0.4606796493379E+00 0.9612678277705E-02-0.5267888813029E-04 0.9612678277705E-02
 0.3049226769701E-01-0.1387903231312E-03-0.5267888813029E-04-0.1387903231312E-03
-0.1891334838709E-01
    3    3    0  0.036750
-0.2641408807091E+00-0.5338504582577E-02-0.2694412004150E-04-0.5338504582577E-02
-0.5914579574758E-03 0.3055587394780E-06-0.2694412004150E-04 0.3055587394780E-06
-0.1838569083366E-03
 0.6769873071571E+00 0.1307809945415E-01 0.7390590102905E-04 0.1307809945415E-01
 0.3135298710394E-01-0.1413346814127E-03 0.7390590102905E-04-0.1413346814127E-03
-0.1917430180364E-01
    3    3    0  0.040425
-0.1967118232560E+01-0.3236446732213E-01-0.1036740150065E-02-0.3236446732213E-01
-0.1043492620076E-02-0.1613288817378E-04-0.1036740150065E-02-0.1613288817378E-04
-0.1898176817155E-03
 0.2522312991321E+00 0.3625079899172E-02 0.1456352603289E-03 0.3625079899172E-02
 0.3201991275583E-01-0.1460849860616E-03 0.1456352603289E-03-0.1460849860616E-03
-0.1945460592810E-01
    3    3    0  0.044100
-0.8806323619221E-01-0.7912582159163E-03-0.1380157631168E-03-0.7912582159163E-03
-0.5490810673553E-03-0.2246831047056E-06-0.1380157631168E-03-0.2246831047056E-06
-0.1953281671797E-03
-0.4103099611815E+00-0.4006852860994E-02-0.6120156942939E-03-0.4006852860994E-02
 0.3288090319679E-01-0.1609042911578E-03-0.6120156942939E-03-0.1609042911578E-03
-0.1975344728052E-01
    3    3    0  0.047775
-0.6928526818508E-02 0.4975715706023E-04-0.3173629687342E-04 0.4975715706023E-04
-0.5786927201562E-03 0.1404236777064E-05-0.3173629687342E-04 0.1404236777064E-05
-0.2014952949118E-03
-0.1175049852122E+00 0.1188057051342E-02-0.4611300143042E-03 0.1188057051342E-02
 0.3399426879664E-01-0.1621318160075E-03-0.4611300143042E-03-0.1621318160075E-03
-0.2006763694832E-01
    3    3    0  0.051450
-0.4370838145495E-04-0.4175679957952E-04-0.5893293326944E-05-0.4175679957952E-04
-0.6237183309800E-03 0.1885299828171E-05-0.5893293326944E-05 0.1885299828171E-05
-0.2081221469320E-03
-0.8788542968375E-02 0.3161767610014E-02-0.4216778383518E-03 0.3161767610014E-02
 0.3517132259745E-01-0.1648712986919E-03-0.4216778383518E-03-0.1648712986919E-03
-0.2039597867243E-01
    3    3    0  0.055125
-0.1074575586014E-02-0.1760453869123E-03 0.5545093841607E-05-0.1760453869123E-03
-0.6750768899905E-03 0.2190797977942E-05 0.5545093841607E-05 0.2190797977942E-05
-0.2151240240895E-03
 0.4614850966249E-01 0.4256054849137E-02-0.4080314492295E-03 0.4256054849137E-02
 0.3649006609655E-01-0.1677134064168E-03-0.4080314492295E-03-0.1677134064168E-03
-0.2073661295475E-01
    3    3    0  0.058800
-0.3195096838873E-02-0.2952890346902E-03 0.1230683493349E-04-0.2952890346902E-03
-0.7353345349938E-03 0.2457134133872E-05 0.1230683493349E-04 0.2457134133872E-05
-0.2224654897494E-03
 0.7971620991053E-01 0.5005986864942E-02-0.4045489749658E-03 0.5005986864942E-02
 0.3801252725950E-01-0.1703476203008E-03-0.4045489749658E-03-0.1703476203008E-03
-0.2108764218504E-01
    3    3    0  0.062475
-0.5301146639488E-02-0.3994648006484E-03 0.1700470788636E-04-0.3994648006484E-03
-0.8089081789934E-03 0.2724309547089E-05 0.1700470788636E-04 0.2724309547089E-05
-0.2301136233707E-03
 0.1026773113875E+00 0.5588958046427E-02-0.4056306037229E-03 0.5588958046427E-02
 0.3982130325128E-01-0.1726305903555E-03-0.4056306037229E-03-0.1726305903555E-03
-0.2144713641427E-01
    3    3    0  0.066150
-0.7198655423964E-02-0.4936200114893E-03 0.2059755103067E-04-0.4936200114893E-03
-0.9029006639659E-03 0.3014525408293E-05 0.2059755103067E-04 0.3014525408293E-05
-0.2380336502560E-03
 0.1196164376428E+00 0.6081683351659E-02-0.4087741484301E-03 0.6081683351659E-02
 0.4204432330278E-01-0.1744538365576E-03-0.4087741484301E-03-0.1744538365576E-03
-0.2181313083217E-01
    3    3    0  0.069825
-0.8880891289520E-02-0.5826940688602E-03 0.2350855967448E-04-0.5826940688602E-03
-0.1029998575027E-02 0.3350812604488E-05 0.2350855967448E-04 0.3350812604488E-05
-0.2461878021662E-03
 0.1328150214615E+00 0.6524725407351E-02-0.4126699196359E-03 0.6524725407351E-02
 0.4489981959269E-01-0.1756937288969E-03-0.4126699196359E-03-0.1756937288969E-03
-0.2218362610732E-01
    3    3    0  0.073500
-0.1037985848851E-01-0.6718596391042E-03 0.2594788155609E-04-0.6718596391042E-03
-0.1215962265287E-02 0.3769756436269E-05 0.2594788155609E-04 0.3769756436269E-05
-0.2545348666058E-03
 0.1435378466733E+00 0.6945250964734E-02-0.4165423579830E-03 0.6945250964734E-02
 0.4880294062466E-01-0.1761595293837E-03-0.4165423579830E-03-0.1761595293837E-03
-0.2255658923671E-01
    3    3    0  0.077175
-0.1173135332542E-01-0.7687442241593E-03 0.2802775659172E-04-0.7687442241593E-03
-0.1523111175334E-02 0.4346821952569E-05 0.2802775659172E-04 0.4346821952569E-05
-0.2630299352613E-03
 0.1525450562699E+00 0.7370193724074E-02-0.4198795573757E-03 0.7370193724074E-02
 0.5467139060252E-01-0.1754722096789E-03-0.4198795573757E-03-0.1754722096789E-03
-0.2292995403368E-01
    3    3    0  0.080850
-0.1296725432357E-01-0.8912162603519E-03 0.2980943680636E-04-0.8912162603519E-03
-0.2150616345515E-02 0.5281970209204E-05 0.2980943680636E-04 0.5281970209204E-05
-0.2716241795778E-03
 0.1603240317810E+00 0.7847948927094E-02-0.4223015121473E-03 0.7847948927094E-02
 0.6507067806877E-01-0.1726248880917E-03-0.4223015121473E-03-0.1726248880917E-03
-0.2330162065265E-01
    3    3    0  0.084525
-0.1411595581816E-01-0.1116127452546E-02 0.3131875815100E-04-0.1116127452546E-02
-0.4205765521241E-02 0.7360630905015E-05 0.3131875815100E-04 0.7360630905015E-05
-0.2802642812919E-03
 0.1672063765711E+00 0.8558798379391E-02-0.4234507875201E-03 0.8558798379391E-02
 0.9121029047952E-01-0.1632946313212E-03-0.4234507875201E-03-0.1632946313212E-03
-0.2366945296721E-01
    3    3    0  0.088200
-0.1526063941527E-01-0.4009418702367E-02 0.3203221146030E-04-0.4009418702367E-02
-0.8235418781691E-01 0.1101768061296E-04 0.3203221146030E-04 0.1101768061296E-04
-0.2888821320803E-03
 0.1734746905222E+00 0.1336672891729E-01-0.4213751990098E-03 0.1336672891729E-01
 0.3971541472598E+00-0.4117674712409E-04-0.4213751990098E-03-0.4117674712409E-04
-0.2403123823775E-01
    3    3    0  0.091875
-0.1619677130806E-01-0.5292094043124E-03 0.3370831706077E-04-0.5292094043124E-03
-0.5605630577002E-03-0.4457785857152E-05 0.3370831706077E-04-0.4457785857152E-05
-0.2974678250822E-03
 0.1791071403517E+00 0.7167972711909E-02-0.4224437604263E-03 0.7167972711909E-02
-0.3269721833249E-01-0.2094815309344E-03-0.4224437604263E-03-0.2094815309344E-03
-0.2438490651392E-01
    3    3    0  0.095550
-0.1719826787922E-01-0.8064751697462E-03 0.3452183088553E-04-0.8064751697462E-03
-0.9743128493569E-04 0.4324198398873E-06 0.3452183088553E-04 0.4324198398873E-06
-0.3058907615354E-03
 0.1844809571307E+00 0.8167312344668E-02-0.4185829099502E-03 0.8167312344668E-02
 0.1128985251356E-01-0.1921299464771E-03-0.4185829099502E-03-0.1921299464771E-03
-0.2472801319152E-01
    3    3    0  0.099225
-0.1817942918469E-01-0.9575690788381E-03 0.3509499151435E-04-0.9575690788381E-03
-0.4243298774533E-03 0.2069254296177E-05 0.3509499151435E-04 0.2069254296177E-05
-0.3141110797148E-03
 0.1896077648482E+00 0.8727750913670E-02-0.4128280217840E-03 0.8727750913670E-02
 0.2777328143514E-01-0.1842784646975E-03-0.4128280217840E-03-0.1842784646975E-03
-0.2505828949052E-01
    3    3    0  0.102900
-0.1916094450604E-01-0.1100384186388E-02 0.3541405743402E-04-0.1100384186388E-02
-0.8771556610059E-03 0.3261472004325E-05 0.3541405743402E-04 0.3261472004325E-05
-0.3220524248701E-03
 0.1945963257558E+00 0.9254257346389E-02-0.4047734130123E-03 0.9254257346388E-02
 0.4082472868634E-01-0.1769537132564E-03-0.4047734130123E-03-0.1769537132564E-03
-0.2537330709724E-01
    3    3    0  0.106575
-0.2016415483235E-01-0.1308186499143E-02 0.3545346916329E-04-0.1308186499143E-02
-0.1872562322920E-02 0.4871909207714E-05 0.3545346916329E-04 0.4871909207714E-05
-0.3296343894318E-03
 0.1995513106754E+00 0.9956055596109E-02-0.3940563575797E-03 0.9956055596109E-02
 0.6033867830477E-01-0.1662466104332E-03-0.3940563575797E-03-0.1662466104332E-03
-0.2567052630938E-01
    3    3    0  0.110250
-0.2124991884664E-01-0.2538421056950E-02 0.3503400592072E-04-0.2538421056950E-02
-0.1615663897849E-01 0.1135096135640E-04 0.3503400592072E-04 0.1135096135640E-04
-0.3367656795299E-03
 0.2046280665703E+00 0.1300170207208E-01-0.3794053097433E-03 0.1300170207208E-01
 0.1785405832441E+00-0.1146371198614E-03-0.3794053097433E-03-0.1146371198614E-03
-0.2594724458690E-01
    3    3    0  0.113925
-0.2228326960119E-01-0.8663894220645E-03 0.3466417461223E-04-0.8663894220645E-03
-0.1148106391529E-03-0.1999744864364E-05 0.3466417461223E-04-0.1999744864364E-05
-0.3433800322422E-03
 0.2097468657801E+00 0.8681163690187E-02-0.3646346647709E-03 0.8681163690187E-02
-0.1238790147869E-01-0.1864299646750E-03-0.3646346647709E-03-0.1864299646750E-03
-0.2620063423781E-01
    3    3    0  0.117600
-0.2351897131039E-01-0.1235149384177E-02 0.3368780752980E-04-0.1235149384177E-02
-0.4756723433263E-03 0.1960666183546E-05 0.3368780752980E-04 0.1960666183546E-05
-0.3493392372061E-03
 0.2153683658403E+00 0.9981121399839E-02-0.3436441259206E-03 0.9981121399839E-02
 0.2915378225498E-01-0.1643790134957E-03-0.3436441259206E-03-0.1643790134957E-03
-0.2642745137261E-01
    3    3    0  0.121275
-0.2493731859194E-01-0.1668911263339E-02 0.3223762892628E-04-0.1668911263339E-02
-0.2441733853004E-02 0.4834844333389E-05 0.3223762892628E-04 0.4834844333389E-05
-0.3545479200295E-03
 0.2216336588054E+00 0.1133142004588E-01-0.3181596015078E-03 0.1133142004588E-01
 0.6889338969259E-01-0.1418803264100E-03-0.3181596015078E-03-0.1418803264100E-03
-0.2662419421563E-01
    3    3    0  0.124950
-0.2658697771683E-01-0.9540505999825E-03 0.3034491580887E-04-0.9540505999825E-03
-0.2464549903245E-03-0.2635339073446E-05 0.3034491580887E-04-0.2635339073446E-05
-0.3588876703908E-03
 0.2288769753659E+00 0.9023506638685E-02-0.2887758465544E-03 0.9023506638685E-02
-0.2026048188123E-01-0.1679969529991E-03-0.2887758465544E-03-0.1679969529991E-03
-0.2678682508617E-01
    3    3    0  0.128625
-0.2883369793459E-01-0.1647761804251E-02 0.2762539136221E-04-0.1647761804251E-02
-0.1210323568817E-02 0.2828655312280E-05 0.2762539136221E-04 0.2828655312280E-05
-0.3621940564353E-03
 0.2381268184897E+00 0.1135135862684E-01-0.2506467605232E-03 0.1135135862684E-01
 0.4782882341150E-01-0.1320451598576E-03-0.2506467605232E-03-0.1320451598576E-03
-0.2691051648426E-01
    3    3    0  0.132300
-0.3204055955635E-01-0.1308246465796E-02 0.2398708587882E-04-0.1308246465796E-02
-0.5657342621332E-04-0.5930801800139E-06 0.2398708587882E-04-0.5930801800139E-06
-0.3643126185060E-03
 0.2508981639284E+00 0.1014293108145E-01-0.2045928518740E-03 0.1014293108145E-01
 0.2921365802309E-02-0.1367977821446E-03-0.2045928518740E-03-0.1367977821446E-03
-0.2698946768145E-01
    3    3    0  0.135975
-0.3770590482446E-01-0.7773071220330E-03 0.1856191493724E-04-0.7773071220330E-03
-0.2311220975012E-02-0.6418366880288E-05 0.1856191493724E-04-0.6418366880288E-05
-0.3650277726686E-03
 0.2719078528952E+00 0.7454432597049E-02-0.1442496932398E-03 0.7454432597049E-02
-0.6753447825827E-01-0.1471091779294E-03-0.1442496932398E-03-0.1471091779294E-03
-0.2701628148428E-01
    3    3    0  0.139650
-0.5265594581410E-01-0.1793526894998E-02 0.7860176024915E-05-0.1793526894998E-02
-0.7810390720915E-04-0.8050641903641E-06 0.7860176024915E-05-0.8050641903641E-06
-0.3640653679052E-03
 0.3200334565913E+00 0.1070562991471E-01-0.4846083569540E-04 0.1070562991471E-01
 0.6193854883820E-02-0.1030758664604E-03-0.4846083569540E-04-0.1030758664604E-03
-0.2698120006043E-01
    3    3    0  0.143325
-0.2149311594526E+00-0.3292946664658E-02-0.9539681166343E-04-0.3292946664658E-02
-0.5094826213953E-04-0.2692832874101E-05-0.9539681166343E-04-0.2692832874101E-05
-0.3611288372651E-03
 0.6193267753531E+00 0.9503945720361E-02 0.2887036983866E-03 0.9503945720361E-02
-0.8475811413497E-03-0.8393759159078E-04 0.2887036983866E-03-0.8393759159078E-04
-0.2687057419084E-01
    3    3    0  0.147000
-0.1727824699229E-03-0.1900413021435E-03-0.7273711360157E-06-0.1900413021435E-03
-0.2770274518986E-03 0.7774605955177E-06-0.7273711360157E-06 0.7774605955177E-06
-0.3556455455366E-03
 0.1539930549553E-01 0.1040812097216E-01-0.1771381450501E-03 0.1040812097216E-01
 0.2110948495244E-01-0.5202075097110E-04-0.1771381450501E-03-0.5202075097110E-04
-0.2666703062031E-01
    3    3    0  0.150675
-0.1018268441925E-01-0.1448986776218E-02-0.2109314585384E-05-0.1448986776218E-02
-0.6628171989154E-02-0.3407720055585E-06-0.2109314585384E-05-0.3407720055585E-06
-0.3468937845163E-03
 0.1418938188874E+00 0.1121271930425E-01 0.3601054736224E-04 0.1121271930425E-01
 0.1143878781508E+00 0.3092941786132E-05 0.3601054736224E-04 0.3092941786132E-05
-0.2633753828367E-01
    4    4    0  0.154350
-0.1585007067036E-01-0.1507251810917E-02-0.1538323001306E-04 0.1721800068988E-02
-0.1507251810917E-02-0.3444455109670E-01-0.6823136600365E-05 0.1823344250097E-02
-0.1538323001306E-04-0.6823136600365E-05-0.3337921822502E-03 0.3249668043699E-05
 0.1721800068988E-02 0.1823344250097E-02 0.3249668043699E-05-0.3408834585570E-01
 0.1769301233941E+00 0.1160174097226E-01 0.1989928637837E-03-0.2184354438991E-02
 0.1160174097226E-01 0.2743124702951E-01 0.2943868323204E-04-0.2584763124166E+00
 0.1989928637837E-03 0.2943868323204E-04-0.2583467378623E-01-0.4265071476370E-04
-0.2184354438991E-02-0.2584763124166E+00-0.4265071476370E-04-0.1391437724168E-01
    4    4    0  0.158025
-0.1933441369916E-01-0.1817923798457E-02-0.3474282177640E-04 0.1911513344806E-02
-0.1817923798457E-02-0.3481663907528E-01-0.5736082884148E-05 0.1927960673490E-02
-0.3474282177640E-04-0.5736082884148E-05-0.3143451611760E-03 0.1227744479363E-04
 0.1911513344806E-02 0.1927960673490E-02 0.1227744479363E-04-0.3445048095315E-01
 0.1952786686595E+00 0.1195293593054E-01 0.3971644748349E-03-0.3355451912391E-02
 0.1195293593054E-01 0.2740998259492E-01 0.9096064608111E-04-0.2598458577403E+00
 0.3971644748349E-03 0.9096064608111E-04-0.2506837712466E-01-0.2395091414480E-04
-0.3355451912391E-02-0.2598458577403E+00-0.2395091414480E-04-0.1325238793765E-01
    4    4    0  0.161700
-0.2196329680398E-01-0.2042771899454E-02-0.6437611392732E-04 0.2065773889866E-02
-0.2042771899454E-02-0.3519026292430E-01-0.3960740210243E-05 0.2070788005400E-02
-0.6437611392732E-04-0.3960740210243E-05-0.2847669155272E-03 0.2598825642914E-04
 0.2065773889866E-02 0.2070788005400E-02 0.2598825642914E-04-0.3480592523114E-01
 0.2080080617974E+00 0.1230061028109E-01 0.6788978237697E-03-0.4079587004153E-02
 0.1230061028109E-01 0.2766033130459E-01 0.1835905266217E-03-0.2611843745357E+00
 0.6788978237697E-03 0.1835905266217E-03-0.2385274124203E-01 0.5567882309506E-05
-0.4079587004153E-02-0.2611843745357E+00 0.5567882309506E-05-0.1256667053131E-01
    4    4    0  0.165375
-0.2429014167638E-01-0.2243893509848E-02-0.1162230963117E-03 0.2212299677832E-02
-0.2243893509848E-02-0.3558877167944E-01-0.1145191682146E-05 0.2295901409131E-02
-0.1162230963117E-03-0.1145191682146E-05-0.2366499077479E-03 0.4959808747533E-04
 0.2212299677832E-02 0.2295901409131E-02 0.4959808747533E-04-0.3516919063379E-01
 0.2186239503207E+00 0.1270273177056E-01 0.1144683780835E-02-0.4607405464972E-02
 0.1270273177056E-01 0.2843268565676E-01 0.3427780641315E-03-0.2625467233878E+00
 0.1144683780835E-02 0.3427780641315E-03-0.2172088386446E-01 0.5700538724337E-04
-0.4607405464972E-02-0.2625467233878E+00 0.5700538724337E-04-0.1180372857334E-01
    4    4    0  0.169050
-0.2669028684095E-01-0.2472262519840E-02-0.2342231945958E-03 0.2382370993814E-02
-0.2472262519840E-02-0.3608605815174E-01 0.3079173984237E-05 0.2738484947059E-02
-0.2342231945958E-03 0.3079173984237E-05-0.1476720840407E-03 0.1018717640299E-03
 0.2382370993814E-02 0.2738484947059E-02 0.1018717640299E-03-0.3558361133242E-01
 0.2290189178744E+00 0.1329459543277E-01 0.2139371805596E-02-0.5037034087263E-02
 0.1329459543277E-01 0.3056539276412E-01 0.6969183906198E-03-0.2640924575248E+00
 0.2139371805596E-02 0.6969183906198E-03-0.1703425251872E-01 0.1695504561736E-03
-0.5037034087263E-02-0.2640924575248E+00 0.1695504561736E-03-0.1084515186246E-01
    4    4    0  0.172725
-0.2983473468594E-01-0.2928004215132E-02-0.8171225655676E-03 0.2709820559971E-02
-0.2928004215132E-02-0.3719013017730E-01-0.1479766156273E-04 0.4325807823718E-02
-0.8171225655676E-03-0.1479766156273E-04-0.2967017698429E-04 0.3410876902183E-03
 0.2709820559971E-02 0.4325807823718E-02 0.3410876902183E-03-0.3630021792924E-01
 0.2418002299560E+00 0.1506274856800E-01 0.6431629273461E-02-0.5212532621050E-02
 0.1506274856800E-01 0.3985118630613E-01 0.2363152946577E-02-0.2667382248474E+00
 0.6431629273461E-02 0.2363152946577E-02 0.3343715999897E-02 0.6514913128349E-03
-0.5212532621050E-02-0.2667382248474E+00 0.6514913128349E-03-0.8926501171975E-02
    4    4    0  0.176400
-0.3294756453726E-01-0.2180311053604E-02 0.8038897037462E-03 0.2161416077848E-02
-0.2180311053604E-02-0.3351740090378E-01-0.2103965580461E-03-0.3216557799304E-02
 0.8038897037462E-03-0.2103965580461E-03-0.2366992414025E-02-0.3677008507500E-03
 0.2161416077848E-02-0.3216557799304E-02-0.3677008507500E-03-0.3355200494679E-01
 0.2541350777007E+00 0.9341333932578E-02-0.8434953855944E-02-0.7514563663372E-02
 0.9341333932578E-02-0.1021654541426E-01-0.2154316006831E-02-0.2563200381941E+00
-0.8434953855944E-02-0.2154316006831E-02-0.6819217104084E-01-0.1262834274834E-02
-0.7514563663372E-02-0.2563200381941E+00-0.1262834274834E-02-0.1432111353450E-01
    4    4    0  0.180075
-0.4585630822153E-01-0.3366082804388E-02 0.3288634993344E-03 0.3166198341452E-02
-0.3366082804388E-02-0.3569731394889E-01-0.4707847195681E-04 0.8417005712067E-03
 0.3288634993344E-03-0.4707847195681E-04-0.7663830915111E-03-0.1368581106591E-03
 0.3166198341452E-02 0.8417005712067E-03-0.1368581106591E-03-0.3559187963127E-01
 0.2988905351892E+00 0.1225928011686E-01-0.2446049861057E-02-0.9824806773528E-02
 0.1225928011686E-01 0.1589228107840E-01-0.8495485512372E-03-0.2640164998733E+00
-0.2446049861057E-02-0.8495485512372E-03-0.3905367796585E-01-0.3938107784973E-03
-0.9824806773528E-02-0.2640164998733E+00-0.3938107784973E-03-0.1023871303059E-01
    4    4    0  0.183750
-0.9060736458022E-02 0.3348152124360E-02-0.1030747671855E-03 0.2922361579236E-02
 0.3348152124360E-02-0.3617473630774E-01-0.2759312308631E-04 0.1080887362066E-02
-0.1030747671855E-03-0.2759312308631E-04-0.5440448893231E-03-0.5602360378660E-04
 0.2922361579236E-02 0.1080887362066E-02-0.5602360378660E-04-0.3618604096812E-01
-0.1322823306135E+00 0.1065183364643E-01-0.1302373695412E-02 0.2014552796077E-01
 0.1065183364643E-01 0.1974931003576E-01-0.4754159066097E-03-0.2655649808236E+00
-0.1302373695412E-02-0.4754159066097E-03-0.3295151374810E-01-0.2341229466270E-03
 0.2014552796077E-01-0.2655649808236E+00-0.2341229466270E-03-0.1105823547225E-01
    4    4    0  0.187425
-0.1870780546712E-01-0.1674409481885E-02 0.4208707612512E-04 0.1962118209800E-02
-0.1674409481885E-02-0.3663605448772E-01-0.1743907225903E-04 0.1842701013820E-02
 0.4208707612512E-04-0.1743907225903E-04-0.4269223802776E-03-0.3509867348849E-04
 0.1962118209800E-02 0.1842701013820E-02-0.3509867348849E-04-0.3634138814060E-01
 0.1920502506828E+00 0.1314040545164E-01-0.4943297770381E-03-0.1661390342114E-02
 0.1314040545164E-01 0.2170704351513E-01-0.2341396818317E-03-0.2669827488318E+00
-0.4943297770381E-03-0.2341396818317E-03-0.2921195907792E-01-0.1464717974215E-03
-0.1661390342114E-02-0.2669827488318E+00-0.1464717974215E-03-0.8500779775415E-02
    4    4    0  0.191100
-0.2533435785436E-01-0.2236490201392E-02-0.3449750828428E-04 0.2292229448901E-02
-0.2236490201392E-02-0.3704602398454E-01-0.8701837845357E-05 0.2349621496871E-02
-0.3449750828428E-04-0.8701837845357E-05-0.3117410953254E-03 0.5143525380743E-05
 0.2292229448901E-02 0.2349621496871E-02 0.5143525380743E-05-0.3668436201257E-01
 0.2231936976269E+00 0.1374990303933E-01 0.3399674108505E-03-0.3467932334250E-02
 0.1374990303933E-01 0.2392532636765E-01 0.3840739403753E-04-0.2682305628376E+00
 0.3399674108505E-03 0.3840739403753E-04-0.2496526669927E-01-0.4606029279935E-04
-0.3467932334250E-02-0.2682305628376E+00-0.4606029279935E-04-0.7248657047607E-02
    4    4    0  0.194775
-0.3003729470014E-01-0.2690111763859E-02-0.2887146581802E-03 0.2597848295177E-02
-0.2690111763859E-02-0.3774635309273E-01 0.4234098422267E-05 0.3414209788565E-02
-0.2887146581802E-03 0.4234098422267E-05-0.1041292080442E-03 0.1138825367493E-03
 0.2597848295177E-02 0.3414209788565E-02 0.1138825367493E-03-0.3720179267007E-01
 0.2427245999139E+00 0.1478672504326E-01 0.2441559130911E-02-0.4294368672656E-02
 0.1478672504326E-01 0.2963028716975E-01 0.7704418009780E-03-0.2700959657791E+00
 0.2441559130911E-02 0.7704418009780E-03-0.1419687183491E-01 0.2127637835424E-03
-0.4294368672656E-02-0.2700959657791E+00 0.2127637835424E-03-0.5556594996213E-02
    4    4    0  0.198450
-0.3615111349435E-01-0.2332895478583E-02 0.8718592207570E-03 0.2334287237301E-02
-0.2332895478583E-02-0.3476381794504E-01-0.2297214470413E-03-0.2880404641578E-02
 0.8718592207570E-03-0.2297214470413E-03-0.2569142641091E-02-0.4041309530775E-03
 0.2334287237301E-02-0.2880404641578E-02-0.4041309530775E-03-0.3471129651011E-01
 0.2659874357964E+00 0.1052553062664E-01-0.8687899400706E-02-0.6934706378770E-02
 0.1052553062664E-01-0.1160907382375E-01-0.2387419940417E-02-0.2608717381853E+00
-0.8687899400706E-02-0.2387419940417E-02-0.7104767153821E-01-0.1325728113200E-02
-0.6934706378770E-02-0.2608717381853E+00-0.1325728113200E-02-0.9994922398484E-02
    4    4    0  0.202125
-0.1840967627300E-01 0.4369101189152E-02-0.1944108852711E-03 0.4009711678972E-02
 0.4369101189152E-02-0.3693921545951E-01-0.4047346685217E-04 0.1159673305965E-02
-0.1944108852711E-03-0.4047346685217E-04-0.6205354225424E-03-0.7536053038305E-04
 0.4009711678972E-02 0.1159673305965E-02-0.7536053038305E-04-0.3706794594770E-01
-0.1889873171819E+00 0.1110500219959E-01-0.1789095628721E-02 0.2454595168947E-01
 0.1110500219959E-01 0.1682254405540E-01-0.6654215223776E-03-0.2684897165752E+00
-0.1789095628721E-02-0.6654215223776E-03-0.3516944037898E-01-0.3278451298991E-03
 0.2454595168947E-01-0.2684897165752E+00-0.3278451298991E-03-0.7422387492741E-02
    4    4    0  0.205800
-0.2654039181507E-01-0.2249607368742E-02 0.1746417950115E-04 0.2332634584963E-02
-0.2249607368742E-02-0.3760479968546E-01-0.1582976402763E-04 0.2538532018363E-02
 0.1746417950115E-04-0.1582976402763E-04-0.3516822308772E-03-0.2224903915549E-04
 0.2332634584963E-02 0.2538532018363E-02-0.2224903915549E-04-0.3726199423221E-01
 0.2283671964907E+00 0.1437097705300E-01-0.1619026323443E-03-0.2785925892266E-02
 0.1437097705300E-01 0.2184092793651E-01-0.1461539155385E-03-0.2703708579105E+00
-0.1619026323443E-03-0.1461539155385E-03-0.2651749313467E-01-0.1213061729400E-03
-0.2785925892266E-02-0.2703708579105E+00-0.1213061729400E-03-0.3933131167205E-02
    4    4    0  0.209475
-0.3670143094410E-01-0.4129449101362E-02-0.3158423304897E-02 0.3440958192227E-02
-0.4129449101362E-02-0.4165414397567E-01-0.3987703661049E-03 0.9685593339617E-02
-0.3158423304897E-02-0.3987703661049E-03-0.2679177499282E-02 0.9789702716516E-03
 0.3440958192227E-02 0.9685593339617E-02 0.9789702716516E-03-0.3927657324631E-01
 0.2669057674519E+00 0.2122477846369E-01 0.1790216419397E-01-0.2707632019119E-02
 0.2122477846369E-01 0.6384409854560E-01 0.7255360788483E-02-0.2772778349505E+00
 0.1790216419397E-01 0.7255360788483E-02 0.7044374666044E-01 0.2152854282305E-02
-0.2707632019119E-02-0.2772778349505E+00 0.2152854282305E-02 0.2987337387864E-02
    4    4    0  0.213150
-0.1531629820182E-01-0.1196925525040E-02 0.1107380667484E-03 0.1842713689915E-02
-0.1196925525040E-02-0.3750800073275E-01-0.3544296940666E-04 0.2020061458946E-02
 0.1107380667484E-03-0.3544296940665E-04-0.5499662600362E-03-0.8486398574085E-04
 0.1842713689915E-02 0.2020061458946E-02-0.8486398574085E-04-0.3725455845702E-01
 0.1737494746091E+00 0.1414555304905E-01-0.1499961922250E-02 0.1392997441766E-02
 0.1414555304905E-01 0.1731166698965E-01-0.5828337345734E-03-0.2703766014860E+00
-0.1499961922250E-02-0.5828337345734E-03-0.3311990523712E-01-0.3027083079570E-03
 0.1392997441766E-02-0.2703766014860E+00-0.3027083079570E-03-0.2862278630482E-02
    4    4    0  0.216825
-0.3628190218505E-01-0.3478950606048E-02-0.1319972731808E-02 0.3100273351113E-02
-0.3478950606048E-02-0.4028290632649E-01-0.5943256089862E-04 0.7112175369950E-02
-0.1319972731808E-02-0.5943256089862E-04-0.3397955861003E-03 0.4505056987262E-03
 0.3100273351113E-02 0.7112175369950E-02 0.4505056987262E-03-0.3898280624623E-01
 0.2660823846592E+00 0.1836623777880E-01 0.8729868281172E-02-0.3256701932137E-02
 0.1836623777880E-01 0.4654112181153E-01 0.3174699696872E-02-0.2763456839088E+00
 0.8729868281172E-02 0.3174699696872E-02 0.2429477319030E-01 0.1000786087865E-02
-0.3256701932137E-02-0.2763456839088E+00 0.1000786087865E-02 0.2647815246053E-02
    4    4    0  0.220500
-0.2981528247960E-01-0.2417919847824E-02 0.2969626150846E-04 0.2448834730694E-02
-0.2417919847824E-02-0.3811558810050E-01-0.1903487211101E-04 0.3066014812250E-02
 0.2969626150846E-04-0.1903487211101E-04-0.3279089857729E-03-0.2963064440901E-04
 0.2448834730694E-02 0.3066014812250E-02-0.2963064440901E-04-0.3776000608897E-01
 0.2418534451302E+00 0.1518669141144E-01-0.2582221711595E-03-0.2445134759832E-02
 0.1518669141144E-01 0.2143985830219E-01-0.1972309633438E-03-0.2721631660955E+00
-0.2582221711595E-03-0.1972309633438E-03-0.2560430612604E-01-0.1491781981435E-03
-0.2445134759832E-02-0.2721631660955E+00-0.1491781981435E-03 0.7800323014374E-04
    4    4    0  0.224175
-0.3001408917437E-01-0.2400960888902E-02 0.5143283349252E-04 0.2438897599248E-02
-0.2400960888902E-02-0.3817141859905E-01-0.2194038197258E-04 0.3118154498007E-02
 0.5143283349252E-04-0.2194038197258E-04-0.3459715741158E-03-0.3967636469911E-04
 0.2438897599248E-02 0.3118154498007E-02-0.3967636469911E-04-0.3782703785299E-01
 0.2426433503277E+00 0.1532599871932E-01-0.4510467239798E-03-0.2175357810229E-02
 0.1532599871932E-01 0.2082532811481E-01-0.2653568702081E-03-0.2723997817108E+00
-0.4510467239798E-03-0.2653568702081E-03-0.2629663235657E-01-0.1789420534306E-03
-0.2175357810229E-02-0.2723997817108E+00-0.1789420534306E-03 0.1054965455945E-02
    4    4    0  0.227850
-0.4577390201117E-01-0.3068482683000E-02 0.6050843178488E-03 0.2917111247933E-02
-0.3068482683000E-02-0.3687555166207E-01-0.1100003141751E-03 0.5474442940838E-03
 0.6050843178488E-03-0.1100003141751E-03-0.1363265904642E-02-0.2468545100671E-03
 0.2917111247933E-02 0.5474442940838E-03-0.2468545100671E-03-0.3678771419902E-01
 0.2986307863919E+00 0.1387311476560E-01-0.4722049414515E-02-0.6257397298078E-02
 0.1387311476560E-01 0.3645827973000E-02-0.1535610031559E-02-0.2686511793374E+00
-0.4722049414515E-02-0.1535610031559E-02-0.5195163522884E-01-0.7783953452794E-03
-0.6257397298078E-02-0.2686511793374E+00-0.7783953452794E-03-0.7233231393947E-04
    4    4    0  0.231525
-0.3575753968328E-01-0.2896708914333E-02-0.1886451268101E-03 0.2736347569356E-02
-0.2896708914333E-02-0.3897199101531E-01-0.6636173403427E-05 0.4608060012628E-02
-0.1886451268101E-03-0.6636173403427E-05-0.9260368729247E-04 0.5312063672695E-04
 0.2736347569356E-02 0.4608060012628E-02 0.5312063672695E-04-0.3844312468865E-01
 0.2644594177522E+00 0.1650376938251E-01 0.1452836875954E-02-0.2700895809101E-02
 0.1650376938251E-01 0.2774055400886E-01 0.3612253313399E-03-0.2745059153078E+00
 0.1452836875954E-02 0.3612253313399E-03-0.1352461983018E-01 0.6153079064308E-04
-0.2700895809101E-02-0.2745059153078E+00 0.6153079064308E-04 0.4342204668084E-02
    4    4    0  0.235200
-0.2043250931421E-01-0.1474209422585E-02 0.1554214103028E-03 0.1972518967394E-02
-0.1474209422585E-02-0.3800047861544E-01-0.4202065469697E-04 0.2722955474576E-02
 0.1554214103028E-03-0.4202065469697E-04-0.5462315021509E-03-0.9799448884713E-04
 0.1972518967394E-02 0.2722955474576E-02-0.9799448884713E-04-0.3775533256024E-01
 0.2004997286096E+00 0.1533850399799E-01-0.1769718502016E-02 0.1702976878364E-02
 0.1533850399799E-01 0.1589407857603E-01-0.6774714804058E-03-0.2721377976392E+00
-0.1769718502016E-02-0.6774714804058E-03-0.3299101827527E-01-0.3618742264403E-03
 0.1702976878364E-02-0.2721377976392E+00-0.3618742264403E-03 0.3445733030103E-02
   10   10    0  0.238875
-0.5974914187469E-01-0.3253686839858E-02-0.1283184808472E-02 0.4042495391844E-02
 0.1018319765093E+00-0.9993310153937E-06-0.6150004263031E-03-0.1189997723929E+00
 0.9831579241808E-03 0.3940151964799E-02-0.3253686839858E-02-0.4427119279875E-01
-0.4895506535644E-03 0.4616421106837E-02-0.1516820298988E-02-0.2936478843433E-02
-0.1747883906519E-02 0.1176337875101E-02 0.3078275750977E-02-0.1116151057263E-02
-0.1283184808472E-02-0.4895506535644E-03-0.1025414485324E-01-0.2916960524449E-03
 0.1073887133702E-03-0.9377427626875E-05-0.8268011010380E-03 0.5998062074243E-04
 0.2867359964862E-03 0.1195662790775E-02 0.4042495391844E-02 0.4616421106837E-02
-0.2916960524449E-03-0.3896987797387E-01-0.8312990311449E-02 0.8497462145132E-02
-0.1690147797670E-02 0.8562314800709E-02-0.1118257903402E-01-0.2498893139983E-02
 0.1018319765093E+00-0.1516820298988E-02 0.1073887133702E-03-0.8312990311449E-02
-0.1342645505505E+01-0.7419778755842E-02 0.1285942597226E-02-0.4616611410714E-01
 0.2075335885936E-02 0.4829698284379E-02-0.9993310153937E-06-0.2936478843433E-02
-0.9377427626875E-05 0.8497462145132E-02-0.7419778755842E-02-0.4060179708471E-02
 0.3097798352234E-03 0.2145726356600E-02 0.2415781415900E-02 0.5510986337866E-03
-0.6150004263031E-03-0.1747883906519E-02-0.8268011010380E-03-0.1690147797670E-02
 0.1285942597226E-02 0.3097798352234E-03-0.5258951890432E-02-0.5228597492064E-02
-0.4676922350318E-03 0.4351665952847E-02-0.1189997723929E+00 0.1176337875101E-02
 0.5998062074243E-04 0.8562314800709E-02-0.4616611410714E-01 0.2145726356600E-02
-0.5228597492064E-02-0.1337007906793E+01-0.7282365542628E-02-0.7522316729628E-03
 0.9831579241808E-03 0.3078275750977E-02 0.2867359964862E-03-0.1118257903402E-01
 0.2075335885936E-02 0.2415781415900E-02-0.4676922350318E-03-0.7282365542628E-02
-0.5593393692890E-02-0.7814458998432E-03 0.3940151964799E-02-0.1116151057263E-02
 0.1195662790775E-02-0.2498893139983E-02 0.4829698284379E-02 0.5510986337866E-03
 0.4351665952847E-02-0.7522316729628E-03-0.7814458998432E-03-0.8327376614977E-02
 0.2599758092070E+00 0.1527239968090E-01-0.1620961389547E-02-0.2115573113431E-02
 0.9865784855421E-01 0.8086944946814E-03 0.4733299021862E-03-0.1143321350156E+00
-0.8263401282694E-02-0.2549590857056E-01 0.1527239968090E-01 0.1690569929951E-01
-0.6010623010146E-03-0.2717657697823E+00 0.1565265082264E-02 0.6540473393213E-01
-0.1460225124971E-01-0.2042529603128E-02-0.8522595213741E-01-0.1967465080650E-01
-0.1620961389547E-02-0.6010623010146E-03-0.3076985288583E-01-0.2644569270513E-03
-0.2653634822960E-03-0.1577627758552E-03 0.8532340891610E-01-0.1960600545680E-03
 0.2453262956246E-03-0.1103124637057E+00-0.2115573113431E-02-0.2717657697823E+00
-0.2644569270513E-03 0.4691646778091E-02-0.6254409968856E-02-0.2203765882953E-01
-0.2230226853891E-01 0.6573286026201E-02 0.2551432429666E-01-0.2085767208843E-01
 0.9865784855421E-01 0.1565265082264E-02-0.2653634822960E-03-0.6254409968856E-02
-0.9274245438842E+00-0.4831764761223E-02 0.1409771413592E-02 0.4212676943379E-02
 0.8706772450605E-03 0.1451290073867E-02 0.8086944946814E-03 0.6540473393213E-01
-0.1577627758552E-03-0.2203765882953E-01-0.4831764761223E-02-0.5080715389427E-01
-0.1288669077859E-01 0.1556848227613E-02-0.1767126288478E-01-0.1037102299399E-01
 0.4733299021862E-03-0.1460225124971E-01 0.8532340891610E-01-0.2230226853891E-01
 0.1409771413592E-02-0.1288669077859E-01 0.4630439525063E-01-0.4194437808716E-02
 0.1036725889702E-01-0.2623050279818E-02-0.1143321350156E+00-0.2042529603128E-02
-0.1960600545680E-03 0.6573286026201E-02 0.4212676943379E-02 0.1556848227613E-02
-0.4194437808716E-02-0.9256335193845E+00-0.3942633873680E-02 0.1788101097232E-02
-0.8263401282694E-02-0.8522595213741E-01 0.2453262956246E-03 0.2551432429666E-01
 0.8706772450605E-03-0.1767126288478E-01 0.1036725889702E-01-0.3942633873680E-02
-0.4851205662224E-01 0.1355205093561E-01-0.2549590857056E-01-0.1967465080650E-01
-0.1103124637057E+00-0.2085767208843E-01 0.1451290073867E-02-0.1037102299399E-01
-0.2623050279818E-02 0.1788101097232E-02 0.1355205093561E-01 0.5072282172675E-01
   10   10    0  0.242550
-0.6025311214797E-01-0.3254451965136E-02-0.1233281051100E-02 0.4044508981562E-02
 0.1015725322394E+00 0.2453659288994E-04-0.6162133066474E-03-0.1185692373565E+00
 0.9364626945546E-03 0.3832368560100E-02-0.3254451965136E-02-0.4435275364813E-01
-0.4742121680967E-03 0.4770129067297E-02-0.1535297584458E-02-0.2973810769431E-02
-0.1752415950287E-02 0.1190986546434E-02 0.3115012378474E-02-0.1144460505902E-02
-0.1233281051100E-02-0.4742121680967E-03-0.1030428223621E-01-0.2883135114242E-03
 0.1187161545144E-03-0.1017163014615E-04-0.8242587804059E-03 0.5262899876560E-04
 0.2738620139522E-03 0.1174977135521E-02 0.4044508981562E-02 0.4770129067297E-02
-0.2883135114242E-03-0.3903575346553E-01-0.8350322409158E-02 0.8594433552623E-02
-0.1703716616901E-02 0.8594877956835E-02-0.1119111544257E-01-0.2482950325936E-02
 0.1015725322394E+00-0.1535297584458E-02 0.1187161545144E-03-0.8350322409158E-02
-0.1347147868423E+01-0.7816717900707E-02 0.1438533769337E-02-0.4590098115350E-01
 0.2110646397367E-02 0.4906889424548E-02 0.2453659288994E-04-0.2973810769431E-02
-0.1017163014614E-04 0.8594433552623E-02-0.7816717900707E-02-0.4113818697262E-02
 0.3185813305641E-03 0.2180180458793E-02 0.2438209481426E-02 0.5525423437293E-03
-0.6162133066474E-03-0.1752415950287E-02-0.8242587804059E-03-0.1703716616901E-02
 0.1438533769337E-02 0.3185813305641E-03-0.5323639506816E-02-0.5303020251089E-02
-0.4736379095300E-03 0.4381150449095E-02-0.1185692373565E+00 0.1190986546434E-02
 0.5262899876560E-04 0.8594877956835E-02-0.4590098115350E-01 0.2180180458793E-02
-0.5303020251089E-02-0.1341622481494E+01-0.7681454996802E-02-0.9124339102200E-03
 0.9364626945546E-03 0.3115012378474E-02 0.2738620139522E-03-0.1119111544257E-01
 0.2110646397367E-02 0.2438209481426E-02-0.4736379095300E-03-0.7681454996802E-02
-0.5601159027510E-02-0.7712786862079E-03 0.3832368560100E-02-0.1144460505902E-02
 0.1174977135521E-02-0.2482950325936E-02 0.4906889424548E-02 0.5525423437293E-03
 0.4381150449095E-02-0.9124339102200E-03-0.7712786862079E-03-0.8277791297192E-02
 0.2626311570155E+00 0.1547359361492E-01-0.1673477546428E-02-0.1906374623037E-02
 0.9816746303609E-01 0.8047228374116E-03 0.4210260391891E-03-0.1136426913059E+00
-0.8097594904030E-02-0.2483604432601E-01 0.1547359361492E-01 0.1672494687484E-01
-0.6234518951567E-03-0.2719115860985E+00 0.1538385453762E-02 0.6601520814630E-01
-0.1476512274726E-01-0.2011560985446E-02-0.8517149258272E-01-0.1964685408730E-01
-0.1673477546428E-02-0.6234518951567E-03-0.3080642445863E-01-0.2798621140105E-03
-0.2601198318019E-03-0.1668321101889E-03 0.8611244302171E-01-0.1863927515214E-03
 0.2507907761072E-03-0.1101388033719E+00-0.1906374623037E-02-0.2719115860985E+00
-0.2798621140105E-03 0.5815983312665E-02-0.6226494533968E-02-0.2229891258223E-01
-0.2241646878473E-01 0.6536768519722E-02 0.2569624511318E-01-0.2101819802245E-01
 0.9816746303609E-01 0.1538385453762E-02-0.2601198318019E-03-0.6226494533968E-02
-0.9258355315233E+00-0.5072417872292E-02 0.1517419072061E-02 0.4452738526778E-02
 0.9260856268405E-03 0.1572848212114E-02 0.8047228374116E-03 0.6601520814630E-01
-0.1668321101889E-03-0.2229891258223E-01-0.5072417872292E-02-0.5073920709853E-01
-0.1288469920942E-01 0.1592586554570E-02-0.1791165436778E-01-0.1050233637625E-01
 0.4210260391891E-03-0.1476512274726E-01 0.8611244302171E-01-0.2241646878473E-01
 0.1517419072061E-02-0.1288469920942E-01 0.4607137382035E-01-0.4231653321693E-02
 0.1049881370751E-01-0.2671124396183E-02-0.1136426913059E+00-0.2011560985446E-02
-0.1863927515214E-03 0.6536768519722E-02 0.4452738526778E-02 0.1592586554570E-02
-0.4231653321693E-02-0.9240879613770E+00-0.4209524082378E-02 0.1577361745351E-02
-0.8097594904030E-02-0.8517149258272E-01 0.2507907761072E-03 0.2569624511318E-01
 0.9260856268405E-03-0.1791165436778E-01 0.1049881370751E-01-0.4209524082378E-02
-0.4849693832135E-01 0.1353247161699E-01-0.2483604432601E-01-0.1964685408730E-01
-0.1101388033719E+00-0.2101819802245E-01 0.1572848212114E-02-0.1050233637625E-01
