                  12                   1               38938                   1               38937
T-Matrices                                                  
    7    3    2   28    2    1    0    0   10   28   28     0.00000000
    1    3   -2  0.000000
    2    2   -2  0.151200
    2    4   -2  0.151200
    2    4   -4  0.151200
    3    2   -1  0.237600
    3    4   -3  0.237600
    3    4   -1  0.237600
    4    2    1  0.237600
    4    4    1  0.237600
    4    4    3  0.237600
    5    2    1  0.807600
    5    4    1  0.807600
    5    4    3  0.807600
    6    2   -1  0.807600
    6    4   -3  0.807600
    6    4   -1  0.807600
    7    1   -1  0.860800
    7    3   -1  0.860800
    7    3   -3  0.860800
    8    1    1  0.860800
    8    3    1  0.860800
    8    3    3  0.860800
    9    2   -2  0.956600
    9    4   -2  0.956600
    9    4   -4  0.956600
   10    2   -2  1.045400
   10    4   -2  1.045400
   10    4   -4  1.045400
    1   99     0.00735000     0.00367500
    1    1    0  0.007350
-0.3237680384535E-02
 0.8040446626151E-01
    1    1    0  0.011025
-0.4069889878763E-02
 0.9012888412657E-01
    1    1    0  0.014700
-0.5265591604256E-02
 0.1024863735019E+00
    1    1    0  0.018375
-0.7082782461031E-02
 0.1188082451460E+00
    1    1    0  0.022050
-0.1006961769821E-01
 0.1415550712473E+00
    1    1    0  0.025725
-0.1557984309580E-01
 0.1758321776033E+00
    1    1    0  0.029400
-0.2781234254731E-01
 0.2342032422847E+00
    1    1    0  0.033075
-0.6608552833740E-01
 0.3574965169329E+00
    1    1    0  0.036750
-0.3485360304203E+00
 0.7586795742205E+00
    1    1    0  0.040425
-0.6825926088149E+00
-0.9482892744416E+00
    1    1    0  0.044100
-0.6486656747896E-01
-0.3542957287090E+00
    1    1    0  0.047775
-0.1857118128382E-01
-0.1918266764383E+00
    1    1    0  0.051450
-0.7308356876095E-02
-0.1206785054264E+00
    1    1    0  0.055125
-0.3176463031203E-02
-0.7964192454365E-01
    1    1    0  0.058800
-0.1342566633415E-02
-0.5180087626348E-01
    1    1    0  0.062475
-0.4673015806591E-03
-0.3056770829733E-01
    1    1    0  0.066150
-0.8037551690989E-04
-0.1267850833482E-01
    1    1    0  0.069825
-0.7843473434024E-05
 0.3960667285695E-02
    1    1    0  0.073500
-0.2270830885007E-03
 0.2130996504625E-01
    1    1    0  0.077175
-0.8986623118294E-03
 0.4238533979701E-01
    1    1    0  0.080850
-0.2809291220507E-02
 0.7490454141006E-01
    1    1    0  0.084525
-0.1223074491788E-01
 0.1559227331550E+00
    1    1    0  0.088200
-0.1832835095811E+01
-0.5535211858505E+00
    1    1    0  0.091875
-0.6386245872235E-02
-0.1128348687602E+00
    1    1    0  0.095550
-0.6051259486196E-03
-0.3478341156105E-01
    1    1    0  0.099225
-0.4815667910362E-07
-0.3103439316116E-03
    1    1    0  0.102900
-0.3705047856386E-03
 0.2721896944193E-01
    1    1    0  0.106575
-0.2202007182449E-02
 0.6632620544903E-01
    1    1    0  0.110250
-0.7905260782166E-01
 0.3896869266988E+00
    1    1    0  0.113925
-0.6715180069458E-03
-0.3664130288974E-01
    1    1    0  0.117600
-0.2930601218581E-03
 0.2420814655196E-01
    1    1    0  0.121275
-0.4128623555017E-02
 0.9077555605765E-01
    1    1    0  0.124950
-0.3097458117125E-03
-0.2488766121911E-01
    1    1    0  0.128625
-0.2449740651645E-02
 0.6995341359813E-01
    1    1    0  0.132300
-0.6281619303526E-03
 0.3543909244457E-01
    1    1    0  0.135975
-0.3621096175174E-01
-0.2666658766181E+00
    1    1    0  0.139650
-0.1921137201450E-03
-0.1960077887760E-01
    1    1    0  0.143325
-0.5915607116634E-04
-0.1087697765429E-01
    1    1    0  0.147000
-0.2013724995345E-03
 0.2006749730747E-01
    1    1    0  0.150675
-0.3016871534078E-03
 0.2456182590275E-01
    4    4    0  0.154350
-0.3795201156701E-01-0.2605320902364E-01-0.1838231380546E-02 0.9110482528515E-05
-0.2605320902364E-01-0.4588956427014E-01-0.1541912911842E-01 0.9291993805785E-05
-0.1838231380546E-02-0.1541912911842E-01-0.8820129767077E-02 0.1965645919176E-05
 0.9110482528515E-05 0.9291993805785E-05 0.1965645919176E-05-0.1686340417254E-03
 0.3252050560743E-01 0.2354469461207E+00 0.1314863879350E+00-0.3375316231678E-04
 0.2354469461207E+00 0.1824590142738E+00-0.5495181506358E-02-0.6127587056597E-04
 0.1314863879350E+00-0.5495181506358E-02 0.1571159749150E-02-0.2070877808593E-04
-0.3375316231678E-04-0.6127587056597E-04-0.2070877808593E-04-0.1836393612337E-01
    4    4    0  0.158025
-0.3773424053684E-01-0.2656348447177E-01-0.2038409167670E-02 0.9992395136908E-05
-0.2656348447177E-01-0.4601270485690E-01-0.1546022799614E-01 0.9931489548040E-05
-0.2038409167670E-02-0.1546022799614E-01-0.9095806486916E-02 0.1952980656403E-05
 0.9992395136908E-05 0.9931489548040E-05 0.1952980656403E-05-0.1683308187366E-03
 0.3549644481715E-01 0.2329042958491E+00 0.1335306125980E+00-0.3354550259935E-04
 0.2329042958491E+00 0.1862409653574E+00-0.5787090742503E-02-0.6803281008270E-04
 0.1335306125980E+00-0.5787090742503E-02 0.1337951865555E-02-0.2185154064277E-04
-0.3354550259935E-04-0.6803281008270E-04-0.2185154064277E-04-0.1834739405633E-01
    4    4    0  0.161700
-0.3753656794527E-01-0.2705431230818E-01-0.2231794067391E-02 0.1084339585204E-04
-0.2705431230818E-01-0.4618341138467E-01-0.1547818887292E-01 0.1057393116560E-04
-0.2231794067391E-02-0.1547818887292E-01-0.9337104022465E-02 0.1926879956379E-05
 0.1084339585204E-04 0.1057393116560E-04 0.1926879956379E-05-0.1688599091791E-03
 0.3834091020859E-01 0.2305482528331E+00 0.1352948695855E+00-0.3323277369824E-04
 0.2305482528331E+00 0.1899297752559E+00-0.6048391094403E-02-0.7468032032010E-04
 0.1352948695855E+00-0.6048391094403E-02 0.1089034383199E-02-0.2296217994203E-04
-0.3323277369824E-04-0.7468032032010E-04-0.2296217994203E-04-0.1837617650002E-01
    4    4    0  0.165375
-0.3736945623781E-01-0.2755403826526E-01-0.2433480312966E-02 0.1166425653189E-04
-0.2755403826526E-01-0.4639718314047E-01-0.1547887751680E-01 0.1121475219241E-04
-0.2433480312966E-02-0.1547887751680E-01-0.9548862057256E-02 0.1888578548614E-05
 0.1166425653189E-04 0.1121475219241E-04 0.1888578548614E-05-0.1700997616072E-03
 0.4128303570860E-01 0.2283684870618E+00 0.1368240959464E+00-0.3281957831911E-04
 0.2283684870618E+00 0.1935230389493E+00-0.6285523113786E-02-0.8117885177678E-04
 0.1368240959464E+00-0.6285523113786E-02 0.8271992743919E-03-0.2403639842633E-04
-0.3281957831911E-04-0.8117885177678E-04-0.2403639842633E-04-0.1844348337527E-01
    4    4    0  0.169050
-0.3725488202621E-01-0.2810469815601E-01-0.2669801531725E-02 0.1245829277398E-04
-0.2810469815601E-01-0.4664843911378E-01-0.1546967973750E-01 0.1184890634548E-04
-0.2669801531725E-02-0.1546967973750E-01-0.9738931420249E-02 0.1839521685800E-05
 0.1245829277398E-04 0.1184890634548E-04 0.1839521685800E-05-0.1719852799657E-03
 0.4468499286894E-01 0.2263495786316E+00 0.1381808756145E+00-0.3230763917996E-04
 0.2263495786316E+00 0.1970156486076E+00-0.6504688156270E-02-0.8749187327433E-04
 0.1381808756145E+00-0.6504688156270E-02 0.5578874600492E-03-0.2506954701872E-04
-0.3230763917996E-04-0.8749187327433E-04-0.2506954701872E-04-0.1854538635110E-01
    4    4    0  0.172725
-0.3726382835926E-01-0.2881842776495E-01-0.3016881313315E-02 0.1323966770245E-04
-0.2881842776495E-01-0.4692797474287E-01-0.1546620590626E-01 0.1246991604940E-04
-0.3016881313315E-02-0.1546620590626E-01-0.9927914121628E-02 0.1781951065667E-05
 0.1323966770245E-04 0.1246991604940E-04 0.1781951065667E-05-0.1744758276064E-03
 0.4954770102445E-01 0.2244565732558E+00 0.1395124773233E+00-0.3168785593958E-04
 0.2244565732558E+00 0.2003948770485E+00-0.6718662784543E-02-0.9358501288981E-04
 0.1395124773233E+00-0.6718662784543E-02 0.2953403476481E-03-0.2605498650535E-04
-0.3168785593958E-04-0.9358501288981E-04-0.2605498650535E-04-0.1867914447447E-01
    4    4    0  0.176400
-0.3785969639321E-01-0.3032715664075E-01-0.3919552544310E-02 0.1409973244693E-04
-0.3032715664075E-01-0.4719976729380E-01-0.1554603164362E-01 0.1306112827686E-04
-0.3919552544310E-02-0.1554603164362E-01-0.1022903973457E-01 0.1723617936924E-05
 0.1409973244693E-04 0.1306112827686E-04 0.1723617936924E-05-0.1775433769356E-03
 0.6158040813577E-01 0.2225113889489E+00 0.1415890914696E+00-0.3087409700307E-04
 0.2225113889489E+00 0.2035928618538E+00-0.6994237665341E-02-0.9941991097082E-04
 0.1415890914696E+00-0.6994237665341E-02 0.1153652721116E-03-0.2697053363058E-04
-0.3087409700307E-04-0.9941991097082E-04-0.2697053363058E-04-0.1884259257416E-01
    4    4    0  0.180075
-0.3461808667996E-01-0.1997871603392E-01 0.2815702053586E-02 0.1310764672587E-04
-0.1997871603392E-01-0.4804819324073E-01-0.1415794954942E-01 0.1385624074835E-04
 0.2815702053586E-02-0.1415794954942E-01-0.8487711673681E-02 0.1517052551138E-05
 0.1310764672587E-04 0.1385624074835E-04 0.1517052551138E-05-0.1811666475701E-03
-0.3279102423778E-01 0.2233829346645E+00 0.1290561746676E+00-0.3163243775174E-04
 0.2233829346645E+00 0.2079690287403E+00-0.6090756531887E-02-0.1051491372737E-03
 0.1290561746676E+00-0.6090756531887E-02-0.1553078478208E-02-0.2818480324701E-04
-0.3163243775174E-04-0.1051491372737E-03-0.2818480324701E-04-0.1903384502257E-01
    4    4    0  0.183750
-0.3551716844538E-01-0.2771529564900E-01-0.1825258112870E-02 0.1485550896019E-04
-0.2771529564900E-01-0.4811158993704E-01-0.1499787815536E-01 0.1429338823981E-04
-0.1825258112870E-02-0.1499787815536E-01-0.9762855570228E-02 0.1522169591070E-05
 0.1485550896019E-04 0.1429338823981E-04 0.1522169591070E-05-0.1853269203982E-03
 0.3473135899810E-01 0.2205484108603E+00 0.1383962734811E+00-0.2985491102647E-04
 0.2205484108603E+00 0.2102999425822E+00-0.6906595969285E-02-0.1103199351997E-03
 0.1383962734811E+00-0.6906595969285E-02-0.9483991524254E-03-0.2882062752468E-04
-0.2985491102647E-04-0.1103199351997E-03-0.2882062752468E-04-0.1925110840945E-01
    4    4    0  0.187425
-0.3569922436584E-01-0.2877850352773E-01-0.2381379513923E-02 0.1552330569330E-04
-0.2877850352773E-01-0.4848756791797E-01-0.1499892210971E-01 0.1482646593662E-04
-0.2381379513923E-02-0.1499892210971E-01-0.9905617145730E-02 0.1438146480507E-05
 0.1552330569330E-04 0.1482646593662E-04 0.1438146480507E-05-0.1900041275390E-03
 0.4262004238385E-01 0.2191864302848E+00 0.1393950521608E+00-0.2891332917235E-04
 0.2191864302848E+00 0.2132561291508E+00-0.7073917979131E-02-0.1152685252072E-03
 0.1393950521608E+00-0.7073917979131E-02-0.1205258127475E-02-0.2959496862744E-04
-0.2891332917235E-04-0.1152685252072E-03-0.2959496862744E-04-0.1949247783040E-01
    4    4    0  0.191100
-0.3574748389433E-01-0.2949982246781E-01-0.2707672997068E-02 0.1609359076892E-04
-0.2949982246781E-01-0.4890050913205E-01-0.1495213737580E-01 0.1533625190490E-04
-0.2707672997068E-02-0.1495213737580E-01-0.9967372240227E-02 0.1345109187829E-05
 0.1609359076892E-04 0.1533625190490E-04 0.1345109187829E-05-0.1951649012970E-03
 0.4740759393214E-01 0.2180400874908E+00 0.1398232935127E+00-0.2796514462943E-04
 0.2180400874908E+00 0.2161545511405E+00-0.7188059117805E-02-0.1198840617188E-03
 0.1398232935127E+00-0.7188059117805E-02-0.1508489980353E-02-0.3032289493615E-04
-0.2796514462943E-04-0.1198840617188E-03-0.3032289493615E-04-0.1975538264692E-01
    4    4    0  0.194775
-0.3586282328533E-01-0.3027272891326E-01-0.3069869515465E-02 0.1662316822278E-04
-0.3027272891326E-01-0.4932920309346E-01-0.1490689587068E-01 0.1581238295087E-04
-0.3069869515465E-02-0.1490689587068E-01-0.1001866714663E-01 0.1248432070178E-05
 0.1662316822278E-04 0.1581238295087E-04 0.1248432070178E-05-0.2006731734014E-03
 0.5266006496518E-01 0.2170059824213E+00 0.1401747566794E+00-0.2695764581252E-04
 0.2170059824213E+00 0.2189558331423E+00-0.7287888080818E-02-0.1241463057479E-03
 0.1401747566794E+00-0.7287888080818E-02-0.1801186734075E-02-0.3099180343727E-04
-0.2695764581252E-04-0.1241463057479E-03-0.3099180343727E-04-0.2003218534381E-01
    4    4    0  0.198450
-0.3698493219196E-01-0.3231388385885E-01-0.4338867079003E-02 0.1726322346547E-04
-0.3231388385885E-01-0.4969786446229E-01-0.1500275167556E-01 0.1621465069633E-04
-0.4338867079003E-02-0.1500275167556E-01-0.1027799061732E-01 0.1151558269891E-05
 0.1726322346547E-04 0.1621465069633E-04 0.1151558269891E-05-0.2084231879648E-03
 0.6975273712264E-01 0.2157030902150E+00 0.1419355413404E+00-0.2567251522655E-04
 0.2157030902150E+00 0.2215224423427E+00-0.7519927152669E-02-0.1280136788496E-03
 0.1419355413404E+00-0.7519927152669E-02-0.2046368106194E-02-0.3153440338594E-04
-0.2567251522655E-04-0.1280136788496E-03-0.3153440338594E-04-0.2041529653093E-01
    4    4    0  0.202125
-0.3451426938863E-01-0.2920214174850E-01-0.1952428455537E-02 0.1719127859860E-04
-0.2920214174850E-01-0.5035936587990E-01-0.1448492832738E-01 0.1670397140724E-04
-0.1952428455537E-02-0.1448492832738E-01-0.9596388789437E-02 0.1025451078049E-05
 0.1719127859860E-04 0.1670397140724E-04 0.1025451078049E-05-0.2141072504040E-03
 0.3881999673229E-01 0.2159765385715E+00 0.1372146808227E+00-0.2525507037100E-04
 0.2159765385715E+00 0.2245501089310E+00-0.7173114463173E-02-0.1315760637738E-03
 0.1372146808227E+00-0.7173114463173E-02-0.2781821748014E-02-0.3221641813074E-04
-0.2525507037100E-04-0.1315760637738E-03-0.3221641813074E-04-0.2069176394854E-01
    4    4    0  0.205800
-0.3502898278992E-01-0.3067825514538E-01-0.2779918141767E-02 0.1767022382851E-04
-0.3067825514538E-01-0.5079365038739E-01-0.1451532241605E-01 0.1704879264536E-04
-0.2779918141767E-02-0.1451532241605E-01-0.9720027273682E-02 0.9272975024890E-06
 0.1767022382851E-04 0.1704879264536E-04 0.9272975024890E-06-0.2210030161524E-03
 0.5048680212264E-01 0.2151001358800E+00 0.1380763054545E+00-0.2401091198120E-04
 0.2151001358800E+00 0.2270114903791E+00-0.7290560903436E-02-0.1346952116482E-03
 0.1380763054545E+00-0.7290560903436E-02-0.2988914976145E-02-0.3267424788080E-04
-0.2401091198120E-04-0.1346952116482E-03-0.3267424788080E-04-0.2102229291212E-01
    4    4    0  0.209475
-0.3567569732867E-01-0.3211614723278E-01-0.3601075877857E-02 0.1809355984978E-04
-0.3211614723278E-01-0.5124918066755E-01-0.1454782141703E-01 0.1736650237814E-04
-0.3601075877857E-02-0.1454782141703E-01-0.9829421544140E-02 0.8348920268606E-06
 0.1809355984978E-04 0.1736650237814E-04 0.8348920268606E-06-0.2251836797389E-03
 0.6175297358959E-01 0.2143518765830E+00 0.1388310737187E+00-0.2275565988864E-04
 0.2143518765830E+00 0.2294074928711E+00-0.7365651723259E-02-0.1374335273667E-03
 0.1388310737187E+00-0.7365651723259E-02-0.3049221772414E-02-0.3309999656930E-04
-0.2275565988864E-04-0.1374335273667E-03-0.3309999656930E-04-0.2122016778243E-01
    4    4    0  0.213150
-0.3433827246840E-01-0.3067946998972E-01-0.2381821629683E-02 0.1810976958947E-04
-0.3067946998972E-01-0.5183304133714E-01-0.1421084650603E-01 0.1766618558336E-04
-0.2381821629683E-02-0.1421084650603E-01-0.9402822802541E-02 0.7106660734593E-06
 0.1810976958947E-04 0.1766618558336E-04 0.7106660734593E-06-0.2370355771716E-03
 0.4626388630012E-01 0.2143986612081E+00 0.1358064472489E+00-0.2194950447863E-04
 0.2143986612081E+00 0.2319867955899E+00-0.7180623917382E-02-0.1397672290861E-03
 0.1358064472489E+00-0.7180623917382E-02-0.3828537631052E-02-0.3347559300468E-04
-0.2194950447863E-04-0.1397672290861E-03-0.3347559300468E-04-0.2177138467441E-01
    4    4    0  0.216825
-0.3529413209114E-01-0.3259497020245E-01-0.3514783234435E-02 0.1848199479477E-04
-0.3259497020245E-01-0.5227761528181E-01-0.1429731241844E-01 0.1787896690395E-04
-0.3514783234435E-02-0.1429731241844E-01-0.9569412668305E-02 0.6194446088688E-06
 0.1848199479477E-04 0.1787896690395E-04 0.6194446088688E-06-0.2424339438074E-03
 0.6195814706250E-01 0.2136965122794E+00 0.1369773358136E+00-0.2055623860612E-04
 0.2136965122794E+00 0.2341714825264E+00-0.7275527065574E-02-0.1416915190891E-03
 0.1369773358136E+00-0.7275527065574E-02-0.3841858202255E-02-0.3374467836312E-04
-0.2055623860612E-04-0.1416915190891E-03-0.3374467836312E-04-0.2201787487528E-01
    4    4    0  0.220500
-0.3452924942650E-01-0.3203144147901E-01-0.2903006159025E-02 0.1851794138425E-04
-0.3203144147901E-01-0.5283414422887E-01-0.1406946007878E-01 0.1807248294070E-04
-0.2903006159025E-02-0.1406946007878E-01-0.9281982903393E-02 0.5071395354872E-06
 0.1851794138425E-04 0.1807248294070E-04 0.5071395354872E-06-0.2539643631448E-03
 0.5450187017566E-01 0.2136833967237E+00 0.1349101200251E+00-0.1956806992243E-04
 0.2136833967237E+00 0.2365192207220E+00-0.7135969938802E-02-0.1432176325176E-03
 0.1349101200251E+00-0.7135969938802E-02-0.4446317829345E-02-0.3396821412106E-04
-0.1956806992243E-04-0.1432176325176E-03-0.3396821412106E-04-0.2253533914914E-01
    4    4    0  0.224175
-0.3438314703184E-01-0.3231422606981E-01-0.2887720364531E-02 0.1860600354932E-04
-0.3231422606981E-01-0.5335983224909E-01-0.1395086170227E-01 0.1821132792371E-04
-0.2887720364531E-02-0.1395086170227E-01-0.9140341706022E-02 0.4068505409451E-06
 0.1860600354932E-04 0.1821132792371E-04 0.4068505409451E-06-0.2632447008370E-03
 0.5489554705270E-01 0.2135339159840E+00 0.1338704227267E+00-0.1842765936541E-04
 0.2135339159840E+00 0.2387196655279E+00-0.7051517658596E-02-0.1443386569558E-03
 0.1338704227267E+00-0.7051517658596E-02-0.4812166633339E-02-0.3412040793126E-04
-0.1842765936541E-04-0.1443386569558E-03-0.3412040793126E-04-0.2294334518921E-01
    4    4    0  0.227850
-0.4208125407892E-01-0.4012040799234E-01-0.8349291998258E-02 0.1931142779088E-04
-0.4012040799234E-01-0.5350233655049E-01-0.1471999944276E-01 0.1812243191860E-04
-0.8349291998258E-02-0.1471999944276E-01-0.1031299185390E-01 0.3055987781465E-06
 0.1931142779088E-04 0.1812243191860E-04 0.3055987781465E-06-0.2752549428142E-03
 0.1262531853524E+00 0.2112298713012E+00 0.1419661665115E+00-0.1581655863084E-04
 0.2112298713012E+00 0.2400792099836E+00-0.7729205015140E-02-0.1450126657638E-03
 0.1419661665115E+00-0.7729205015140E-02-0.4370657860358E-02-0.3394070747224E-04
-0.1581655863084E-04-0.1450126657638E-03-0.3394070747224E-04-0.2346083945833E-01
    4    4    0  0.231525
-0.3451677893787E-01-0.3344527244272E-01-0.3238392269016E-02 0.1869651502620E-04
-0.3344527244272E-01-0.5439608153965E-01-0.1378803936990E-01 0.1833634816599E-04
-0.3238392269016E-02-0.1378803936990E-01-0.8937920452648E-02 0.2200303457749E-06
 0.1869651502620E-04 0.1833634816599E-04 0.2200303457749E-06-0.2814506223803E-03
 0.6087204601176E-01 0.2132809968161E+00 0.1323589295032E+00-0.1602869645674E-04
 0.2132809968161E+00 0.2428751154610E+00-0.6885225593488E-02-0.1453727089188E-03
 0.1323589295032E+00-0.6885225593488E-02-0.5391061877815E-02-0.3420824565622E-04
-0.1602869645674E-04-0.1453727089188E-03-0.3420824565622E-04-0.2372338053757E-01
    4    4    0  0.235200
-0.3363188555566E-01-0.3263797793604E-01-0.2486188510553E-02 0.1854918590313E-04
-0.3263797793604E-01-0.5497413824824E-01-0.1353722272640E-01 0.1834591787505E-04
-0.2486188510553E-02-0.1353722272640E-01-0.8598489306798E-02 0.1264619470781E-06
 0.1854918590313E-04 0.1834591787505E-04 0.1264619470781E-06-0.2935300800491E-03
 0.5100586126420E-01 0.2135554847217E+00 0.1298218207354E+00-0.1506922471890E-04
 0.2135554847217E+00 0.2450047650809E+00-0.6657717341975E-02-0.1453051863399E-03
 0.1298218207354E+00-0.6657717341975E-02-0.5964524796893E-02-0.3416790574898E-04
-0.1506922471890E-04-0.1453051863399E-03-0.3416790574898E-04-0.2422706774261E-01
   10   10    0  0.238875
-0.4071930214549E-01-0.3349225769868E-01-0.3851799702629E-02 0.1838815239603E-04
 0.3654558842317E-01-0.8866826435508E-03 0.1523871919680E-04 0.3654641139859E-01
 0.1487980427553E-04 0.8866421156154E-03-0.3349225769868E-01-0.5540201800822E-01
-0.1345062715792E-01 0.1826969379436E-04-0.8571552523964E-02-0.5585297488552E-03
 0.1407930333787E-03-0.8568604824576E-02 0.1405872968165E-03 0.5593738620704E-03
-0.3851799702629E-02-0.1345062715792E-01-0.8710770901000E-02 0.3036447784135E-07
 0.5447659122532E-03-0.2674023770022E-03 0.1625987200241E-03 0.5404968433074E-03
 0.1625492284352E-03 0.2676317304194E-03 0.1838815239603E-04 0.1826969379436E-04
 0.3036447784134E-07-0.3548803832161E-03 0.1311383501198E-04 0.4750589514960E-04
 0.2062198752909E-04-0.1024741513664E-04-0.2054724204201E-04 0.4711548521842E-04
 0.3654558842317E-01-0.8571552523964E-02 0.5447659122532E-03 0.1311383501198E-04
-0.5466264764910E+00-0.1140863905905E-03-0.2478348558328E-02 0.8091127667545E-01
-0.6128091485387E-03-0.2736471741213E-02-0.8866826435508E-03-0.5585297488552E-03
-0.2674023770022E-03 0.4750589514960E-04-0.1140863905905E-03-0.1558079958246E-03
-0.5473258916672E-04 0.2736465903488E-02-0.3389547745658E-05 0.9905299524091E-05
 0.1523871919680E-04 0.1407930333787E-03 0.1625987200241E-03 0.2062198752909E-04
-0.2478348558328E-02-0.5473258916672E-04-0.3364211986497E-03-0.6127455839206E-03
 0.3054829555252E-04 0.3376101130845E-05 0.3654641139859E-01-0.8568604824576E-02
 0.5404968433073E-03-0.1024741513664E-04 0.8091127667545E-01 0.2736465903488E-02
-0.6127455839206E-03-0.5466310638811E+00-0.2478233414345E-02 0.1140449820888E-03
 0.1487980427553E-04 0.1405872968165E-03 0.1625492284352E-03-0.2054724204201E-04
-0.6128091485387E-03-0.3389547745658E-05 0.3054829555252E-04-0.2478233414345E-02
-0.3363977294673E-03 0.5473670790690E-04 0.8866421156154E-03 0.5593738620704E-03
 0.2676317304194E-03 0.4711548521842E-04-0.2736471741213E-02 0.9905299524091E-05
 0.3376101130845E-05 0.1140449820888E-03 0.5473670790690E-04-0.1558372185039E-03
 0.5768715178860E-01 0.2127192459307E+00 0.1290567044147E+00-0.1372330148813E-04
 0.7317345624536E-01 0.3800240630413E-02-0.4853246521913E-03 0.7317485464869E-01
-0.4838976067761E-03-0.3799722969564E-02 0.2127192459307E+00 0.2469268224648E+00
-0.6671123790196E-02-0.1448488063561E-03 0.2685951664751E-02 0.1102488760379E-02
-0.5898895499019E-03 0.2692242640681E-02-0.5893111429851E-03-0.1101400012098E-02
 0.1290567044147E+00-0.6671123790196E-02-0.6314733218443E-02-0.3401625484216E-04
 0.1213225719465E-01 0.5484140423718E-02 0.5229057708323E-02 0.1212608647351E-01
 0.5232921033745E-02-0.5483962211243E-02-0.1372330148813E-04-0.1448488063561E-03
-0.3401625484216E-04-0.2464795560280E-01-0.1418301706088E-04 0.7142521927015E-02
-0.4591291029312E-05 0.1626622434307E-04 0.4575889654973E-05 0.7146214667133E-02
 0.7317345624536E-01 0.2685951664751E-02 0.1213225719465E-01-0.1418301706088E-04
-0.8825301912165E+00 0.7266919296210E-03-0.4096295690114E-02 0.4549713107752E-01
-0.1439787470371E-02-0.4977650723319E-02 0.3800240630413E-02 0.1102488760379E-02
 0.5484140423718E-02 0.7142521927015E-02 0.7266919296210E-03 0.1068486630590E-01
-0.7867224757147E-02 0.4977637466788E-02-0.2071824760328E-02 0.7139281446437E-03
-0.4853246521913E-03-0.5898895499019E-03 0.5229057708323E-02-0.4591291029312E-05
-0.4096295690114E-02-0.7867224757147E-02-0.2333757037087E-01-0.1439898269294E-02
 0.2924579181486E-02 0.2071856728480E-02 0.7317485464869E-01 0.2692242640681E-02
 0.1212608647351E-01 0.1626622434307E-04 0.4549713107752E-01 0.4977637466788E-02
-0.1439898269294E-02-0.8825324964605E+00-0.4095980638569E-02-0.7266755908435E-03
-0.4838976067761E-03-0.5893111429851E-03 0.5232921033745E-02 0.4575889654973E-05
-0.1439787470371E-02-0.2071824760328E-02 0.2924579181486E-02-0.4095980638569E-02
-0.2333584866594E-01 0.7867141833160E-02-0.3799722969564E-02-0.1101400012098E-02
-0.5483962211243E-02 0.7146214667133E-02-0.4977650723319E-02 0.7139281446437E-03
 0.2071856728480E-02-0.7266755908435E-03 0.7867141833160E-02 0.1068552346096E-01
   10   10    0  0.242550
-0.4066694584562E-01-0.3381700557227E-01-0.3861706433327E-02 0.1825184358675E-04
 0.3679239845188E-01-0.9117269069302E-03 0.1888224891566E-04 0.3679321454627E-01
 0.1851187289056E-04 0.9116621373498E-03-0.3381700557227E-01-0.5593371987242E-01
-0.1334551336366E-01 0.1816564548214E-04-0.8575389364137E-02-0.5735552953841E-03
 0.1436076645415E-03-0.8572465890924E-02 0.1433892620225E-03 0.5744170723060E-03
-0.3861706433327E-02-0.1334551336366E-01-0.8564015029953E-02-0.4847694109863E-07
 0.6055573345477E-03-0.2750809675427E-03 0.1712524517344E-03 0.6012000491686E-03
 0.1712020657624E-03 0.2753217961062E-03 0.1825184358675E-04 0.1816564548214E-04
-0.4847694109863E-07-0.3704118556709E-03 0.1409986405096E-04 0.5088345865359E-04
 0.2103449749132E-04-0.1130116834762E-04-0.2095117065232E-04 0.5049564877224E-04
 0.3679239845188E-01-0.8575389364137E-02 0.6055573345477E-03 0.1409986405096E-04
-0.5508276459551E+00-0.7970813485508E-04-0.2668732032756E-02 0.8099062221201E-01
-0.6126237527889E-03-0.2797567930130E-02-0.9117269069302E-03-0.5735552953841E-03
-0.2750809675427E-03 0.5088345865359E-04-0.7970813485508E-04-0.1623914870896E-03
-0.5485430273521E-04 0.2797549228589E-02-0.3428714130281E-05 0.1103548271601E-04
 0.1888224891566E-04 0.1436076645415E-03 0.1712524517344E-03 0.2103449749132E-04
-0.2668732032756E-02-0.5485430273521E-04-0.3409305024737E-03-0.6125537987867E-03
 0.3232912234167E-04 0.3414258812609E-05 0.3679321454627E-01-0.8572465890924E-02
 0.6012000491686E-03-0.1130116834762E-04 0.8099062221201E-01 0.2797549228589E-02
-0.6125537987867E-03-0.5508322524128E+00-0.2668654184091E-02 0.7966596461367E-04
 0.1851187289056E-04 0.1433892620225E-03 0.1712020657624E-03-0.2095117065232E-04
-0.6126237527889E-03-0.3428714130281E-05 0.3232912234167E-04-0.2668654184091E-02
-0.3409071991121E-03 0.5485925223282E-04 0.9116621373498E-03 0.5744170723060E-03
 0.2753217961062E-03 0.5049564877224E-04-0.2797567930130E-02 0.1103548271601E-04
 0.3414258812609E-05 0.7966596461367E-04 0.5485925223282E-04-0.1624235185107E-03
 0.5831982543997E-01 0.2128029184998E+00 0.1278893635551E+00-0.1257530921819E-04
 0.7327484804924E-01 0.3963101377814E-02-0.5090117766799E-03 0.7327620343657E-01
-0.5075230879157E-03-0.3962589524002E-02 0.2128029184998E+00 0.2488447333281E+00
-0.6515728008212E-02-0.1440040084191E-03 0.2755777304425E-02 0.1068112837864E-02
-0.5835949979020E-03 0.2761991003508E-02-0.5829671062814E-03-0.1066839875660E-02
 0.1278893635551E+00-0.6515728008212E-02-0.6635307782240E-02-0.3381752169618E-04
 0.1210831065355E-01 0.5715509398919E-02 0.5482479354802E-02 0.1210203685923E-01
 0.5486501751685E-02-0.5715301000749E-02-0.1257530921819E-04-0.1440040084191E-03
-0.3381752169618E-04-0.2507730442553E-01-0.1435553197225E-04 0.7474245594376E-02
-0.4148850456323E-05 0.1647761791283E-04 0.4135488493494E-05 0.7478061321849E-02
 0.7327484804924E-01 0.2755777304425E-02 0.1210831065355E-01-0.1435553197225E-04
-0.8846693863466E+00 0.8099183188319E-03-0.4380364694325E-02 0.4506312627471E-01
-0.1464438480612E-02-0.5078860391535E-02 0.3963101377814E-02 0.1068112837864E-02
 0.5715509398919E-02 0.7474245594376E-02 0.8099183188319E-03 0.1078176363601E-01
-0.7879050600949E-02 0.5078822769910E-02-0.2234398149418E-02 0.7315147624964E-03
-0.5090117766799E-03-0.5835949979020E-03 0.5482479354802E-02-0.4148850456323E-05
-0.4380364694325E-02-0.7879050600949E-02-0.2335093741376E-01-0.1464541436310E-02
 0.3140765913397E-02 0.2234440975837E-02 0.7327620343657E-01 0.2761991003508E-02
 0.1210203685923E-01 0.1647761791283E-04 0.4506312627471E-01 0.5078822769910E-02
-0.1464541436310E-02-0.8846716784220E+00-0.4380106108255E-02-0.8099028536745E-03
-0.5075230879157E-03-0.5829671062814E-03 0.5486501751685E-02 0.4135488493494E-05
-0.1464438480612E-02-0.2234398149418E-02 0.3140765913397E-02-0.4380106108255E-02
-0.2334912114792E-01 0.7879021276324E-02-0.3962589524002E-02-0.1066839875660E-02
-0.5715301000749E-02 0.7478061321849E-02-0.5078860391535E-02 0.7315147624964E-03
 0.2234440975837E-02-0.8099028536745E-03 0.7879021276324E-02 0.1078245951097E-01
   10   10    0  0.246225
-0.4061968752262E-01-0.3414138259320E-01-0.3871685732734E-02 0.1807206205253E-04
 0.3703526138803E-01-0.9358998834307E-03 0.2351215162752E-04 0.3703606418553E-01
 0.2313041209638E-04 0.9358084795848E-03-0.3414138259320E-01-0.5646575764223E-01
-0.1324303226418E-01 0.1801471847127E-04-0.8579415666785E-02-0.5882700892223E-03
 0.1462497523416E-03-0.8576515147192E-02 0.1460189101273E-03 0.5891452301007E-03
-0.3871685732734E-02-0.1324303226418E-01-0.8417149793187E-02-0.1222188368810E-06
 0.6663256819430E-03-0.2823682666992E-03 0.1801355505324E-03 0.6618849277373E-03
 0.1800843816276E-03 0.2826203359723E-03 0.1807206205253E-04 0.1801471847127E-04
-0.1222188368810E-06-0.3862605260489E-03 0.1503796048475E-04 0.5440660215180E-04
 0.2141512399773E-04-0.1230963543186E-04-0.2132318750941E-04 0.5402317390008E-04
 0.3703526138803E-01-0.8579415666785E-02 0.6663256819430E-03 0.1503796048475E-04
-0.5549785257743E+00-0.4106733529862E-04-0.2867177835247E-02 0.8106471452064E-01
-0.6107026992955E-03-0.2853753714137E-02-0.9358998834307E-03-0.5882700892223E-03
-0.2823682666992E-03 0.5440660215180E-04-0.4106733529862E-04-0.1689733429524E-03
-0.5528036825835E-04 0.2853735544052E-02-0.3505741902341E-05 0.1225119321412E-04
 0.2351215162752E-04 0.1462497523416E-03 0.1801355505324E-03 0.2141512399773E-04
-0.2867177835247E-02-0.5528036825835E-04-0.3470975983898E-03-0.6106306289297E-03
 0.3422922127207E-04 0.3490356911873E-05 0.3703606418553E-01-0.8576515147192E-02
 0.6618849277373E-03-0.1230963543186E-04 0.8106471452064E-01 0.2853735544052E-02
-0.6106306289297E-03-0.5549831459240E+00-0.2867137031269E-02 0.4102419152930E-04
 0.2313041209638E-04 0.1460189101273E-03 0.1800843816276E-03-0.2132318750941E-04
-0.6107026992955E-03-0.3505741902341E-05 0.3422922127207E-04-0.2867137031269E-02
-0.3470740891463E-03 0.5528585748300E-04 0.9358084795848E-03 0.5891452301007E-03
 0.2826203359723E-03 0.5402317390008E-04-0.2853753714137E-02 0.1225119321412E-04
 0.3490356911873E-05 0.4102419152930E-04 0.5528585748300E-04-0.1690076106056E-03
 0.5893283200906E-01 0.2129179110103E+00 0.1267092235624E+00-0.1143707942392E-04
 0.7337103648776E-01 0.4125686707388E-02-0.5334166770205E-03 0.7337234141126E-01
-0.5318696019352E-03-0.4125191505976E-02 0.2129179110103E+00 0.2507211404776E+00
-0.6346126755300E-02-0.1427862330103E-03 0.2826722244209E-02 0.1031047331292E-02
-0.5761161338993E-03 0.2832859335413E-02-0.5754389241578E-03-0.1029583515877E-02
 0.1267092235624E+00-0.6346126755300E-02-0.6944958315583E-02-0.3354986370397E-04
 0.1208267317318E-01 0.5943380310683E-02 0.5732445360274E-02 0.1207630285403E-01
 0.5736622793565E-02-0.5943138958452E-02-0.1143707942392E-04-0.1427862330103E-03
-0.3354986370397E-04-0.2550611390435E-01-0.1448532026620E-04 0.7801238271957E-02
-0.3694677562703E-05 0.1664271540535E-04 0.3684128465003E-05 0.7805172055156E-02
 0.7337103648776E-01 0.2826722244209E-02 0.1208267317318E-01-0.1448532026620E-04
-0.8867586215655E+00 0.8986282263935E-03-0.4674175245690E-02 0.4463450188985E-01
-0.1487502497245E-02-0.5171919760876E-02 0.4125686707388E-02 0.1031047331292E-02
 0.5943380310683E-02 0.7801238271957E-02 0.8986282263935E-03 0.1085921610948E-01
-0.7899825367064E-02 0.5171879503123E-02-0.2398091032475E-02 0.7488635382511E-03
-0.5334166770205E-03-0.5761161338993E-03 0.5732445360274E-02-0.3694677562703E-05
-0.4674175245690E-02-0.7899825367064E-02-0.2341896243763E-01-0.1487604807556E-02
 0.3358226356091E-02 0.2398136132687E-02 0.7337234141126E-01 0.2832859335413E-02
 0.1207630285403E-01 0.1664271540535E-04 0.4463450188985E-01 0.5171879503123E-02
-0.1487604807556E-02-0.8867608986554E+00-0.4673971760809E-02-0.8986121634859E-03
-0.5318696019352E-03-0.5754389241578E-03 0.5736622793565E-02 0.3684128465003E-05
-0.1487502497245E-02-0.2398091032475E-02 0.3358226356091E-02-0.4673971760809E-02
-0.2341705533254E-01 0.7899794452127E-02-0.4125191505976E-02-0.1029583515877E-02
-0.5943138958452E-02 0.7805172055156E-02-0.5171919760876E-02 0.7488635382511E-03
 0.2398136132687E-02-0.8986121634859E-03 0.7899794452127E-02 0.1085994939338E-01
   10   10    0  0.249900
-0.4057723452753E-01-0.3446517689972E-01-0.3882084783234E-02 0.1784964326435E-04
 0.3727391159800E-01-0.9590909542325E-03 0.2880330175657E-04 0.3727469675036E-01
 0.2841085267911E-04 0.9589717472153E-03-0.3446517689972E-01-0.5699795267186E-01
-0.1314346747496E-01 0.1781788500227E-04-0.8583544391667E-02-0.6027373861880E-03
 0.1487158306098E-03-0.8580666182724E-02 0.1484727401121E-03 0.6036206687457E-03
-0.3882084783234E-02-0.1314346747496E-01-0.8271042658870E-02-0.1906800075427E-06
 0.7269051794017E-03-0.2892548888570E-03 0.1891534034541E-03 0.7223854820551E-03
 0.1891017260635E-03 0.2895172936810E-03 0.1784964326435E-04 0.1781788500227E-04
-0.1906800075427E-06-0.4023721792864E-03 0.1594000633114E-04 0.5808618701485E-04
 0.2175466493070E-04-0.1328446540858E-04-0.2165442027468E-04 0.5770881227750E-04
 0.3727391159800E-01-0.8583544391667E-02 0.7269051794017E-03 0.1594000633114E-04
-0.5590750058320E+00-0.3072325803265E-06-0.3069597293343E-02 0.8113355124618E-01
-0.6072916680930E-03-0.2905332937562E-02-0.9590909542325E-03-0.6027373861880E-03
-0.2892548888570E-03 0.5808618701485E-04-0.3072325803267E-06-0.1754770899811E-03
-0.5596528268276E-04 0.2905315356975E-02-0.3655832038420E-05 0.1352698753052E-04
 0.2880330175657E-04 0.1487158306098E-03 0.1891534034541E-03 0.2175466493070E-04
-0.3069597293343E-02-0.5596528268276E-04-0.3546049780208E-03-0.6072175921702E-03
 0.3626025849343E-04 0.3639506042681E-05 0.3727469675036E-01-0.8580666182724E-02
 0.7223854820551E-03-0.1328446540858E-04 0.8113355124618E-01 0.2905315356975E-02
-0.6072175921702E-03-0.5590796347958E+00-0.3069594875930E-02 0.2631641810375E-06
 0.2841085267911E-04 0.1484727401121E-03 0.1891017260635E-03-0.2165442027468E-04
-0.6072916680930E-03-0.3655832038420E-05 0.3626025849343E-04-0.3069594875930E-02
-0.3545813522573E-03 0.5597131124940E-04 0.9589717472153E-03 0.6036206687457E-03
 0.2895172936810E-03 0.5770881227750E-04-0.2905332937562E-02 0.1352698753052E-04
 0.3639506042681E-05 0.2631641810373E-06 0.5597131124940E-04-0.1755135856584E-03
 0.5952741358342E-01 0.2130586982882E+00 0.1255228393360E+00-0.1031168198663E-04
 0.7346213010148E-01 0.4287991579094E-02-0.5582656810951E-03 0.7346338010667E-01
-0.5566629158931E-03-0.4287514857946E-02 0.2130586982882E+00 0.2525609068550E+00
-0.6162621564546E-02-0.1412047169437E-03 0.2898359801436E-02 0.9918061422522E-03
-0.5676956986277E-03 0.2904420578732E-02-0.5669694674697E-03-0.9901477476079E-03
 0.1255228393360E+00-0.6162621564546E-02-0.7242763147505E-02-0.3321410384574E-04
 0.1205571647701E-01 0.6167692151285E-02 0.5978740469494E-02 0.1204925606330E-01
 0.5983068720535E-02-0.6167416388451E-02-0.1031168198663E-04-0.1412047169437E-03
-0.3321410384574E-04-0.2593282827767E-01-0.1457278124238E-04 0.8123260766090E-02
-0.3232579422278E-05 0.1676185655816E-04 0.3225573612636E-05 0.8127307771614E-02
 0.7346213010148E-01 0.2898359801436E-02 0.1205571647701E-01-0.1457278124238E-04
-0.8887969499693E+00 0.9892040530716E-03-0.4971161247002E-02 0.4421160564893E-01
-0.1508683441699E-02-0.5257073376318E-02 0.4287991579094E-02 0.9918061422522E-03
 0.6167692151285E-02 0.8123260766090E-02 0.9892040530716E-03 0.1091432609790E-01
-0.7925902953726E-02 0.5257030536089E-02-0.2562541995279E-02 0.7659637830359E-03
-0.5582656810951E-03-0.5676956986277E-03 0.5978740469494E-02-0.3232579422278E-05
-0.4971161247002E-02-0.7925902953726E-02-0.2353047072301E-01-0.1508784920210E-02
 0.3576505976719E-02 0.2562589305275E-02 0.7346338010667E-01 0.2904420578732E-02
 0.1204925606330E-01 0.1676185655816E-04 0.4421160564893E-01 0.5257030536089E-02
-0.1508784920210E-02-0.8887992104391E+00-0.4971014656270E-02-0.9891874163674E-03
-0.5566629158931E-03-0.5669694674697E-03 0.5983068720535E-02 0.3225573612636E-05
-0.1508683441699E-02-0.2562541995279E-02 0.3576505976719E-02-0.4971014656270E-02
-0.2352847675684E-01 0.7925870483773E-02-0.4287514857946E-02-0.9901477476079E-03
-0.6167416388451E-02 0.8127307771614E-02-0.5257073376318E-02 0.7659637830359E-03
 0.2562589305275E-02-0.9891874163674E-03 0.7925870483773E-02 0.1091509551413E-01
   10   10    0  0.253575
-0.4053929722546E-01-0.3478819510957E-01-0.3893240663141E-02 0.1758555292055E-04
 0.3750834090724E-01-0.9812936026453E-03 0.3461353474550E-04 0.3750910442435E-01
 0.3421100819374E-04 0.9811455651733E-03-0.3478819510957E-01-0.5753022160155E-01
-0.1304708871887E-01 0.1757627659599E-04-0.8587706326817E-02-0.6170171301600E-03
 0.1510085672568E-03-0.8584849931176E-02 0.1507534464111E-03 0.6179031453781E-03
-0.3893240663141E-02-0.1304708871887E-01-0.8126481524322E-02-0.2537332877337E-06
 0.7871730133481E-03-0.2957471604530E-03 0.1982588990535E-03 0.7825788895514E-03
 0.1982069881108E-03 0.2960189219557E-03 0.1758555292055E-04 0.1757627659599E-04
-0.2537332877337E-06-0.4186907111281E-03 0.1680945480399E-04 0.6192757603057E-04
 0.2204982152176E-04-0.1422893899898E-04-0.2194166503256E-04 0.6155781573869E-04
 0.3750834090724E-01-0.8587706326817E-02 0.7871730133481E-03 0.1680945480399E-04
-0.5631175429054E+00 0.4162569980563E-04-0.3274194612634E-02 0.8119735590089E-01
-0.6025157427134E-03-0.2952541134125E-02-0.9812936026453E-03-0.6170171301600E-03
-0.2957471604530E-03 0.6192757603057E-04 0.4162569980563E-04-0.1818591197978E-03
-0.5688657539188E-04 0.2952524196020E-02-0.3901637799884E-05 0.1485233839546E-04
 0.3461353474550E-04 0.1510085672568E-03 0.1982588990535E-03 0.2204982152176E-04
-0.3274194612634E-02-0.5688657539188E-04-0.3632961909810E-03-0.6024397707203E-03
 0.3843540613376E-04 0.3884359840761E-05 0.3750910442435E-01-0.8584849931176E-02
 0.7825788895514E-03-0.1422893899898E-04 0.8119735590089E-01 0.2952524196020E-02
-0.6024397707203E-03-0.5631221761117E+00-0.3274231685083E-02-0.4167064756173E-04
 0.3421100819374E-04 0.1507534464111E-03 0.1982069881108E-03-0.2194166503256E-04
-0.6025157427134E-03-0.3901637799884E-05 0.3843540613376E-04-0.3274231685083E-02
-0.3632725421850E-03 0.5689314174817E-04 0.9811455651733E-03 0.6179031453781E-03
 0.2960189219557E-03 0.6155781573869E-04-0.2952541134125E-02 0.1485233839546E-04
 0.3884359840761E-05-0.4167064756173E-04 0.5689314174817E-04-0.1818978254248E-03
 0.6010487907105E-01 0.2132199705993E+00 0.1243363874071E+00-0.9202169458010E-05
 0.7354829118333E-01 0.4450020003564E-02-0.5833810609149E-03 0.7354948225820E-01
-0.5817254269220E-03-0.4449563424986E-02 0.2132199705993E+00 0.2543689121381E+00
-0.5965526752810E-02-0.1392695904965E-03 0.2970304657486E-02 0.9508605581264E-03
-0.5585437312124E-03 0.2976289257637E-02-0.5577689149165E-03-0.9490047273313E-03
 0.1243363874071E+00-0.5965526752810E-02-0.7527833852396E-02-0.3281124095352E-04
 0.1202781200068E-01 0.6388381376799E-02 0.6221171403061E-02 0.1202126788438E-01
 0.6225646163562E-02-0.6388069898167E-02-0.9202169458010E-05-0.1392695904965E-03
-0.3281124095352E-04-0.2635593013764E-01-0.1461861159886E-04 0.8440087066105E-02
-0.2766217438695E-05 0.1683571953608E-04 0.2763474483619E-05 0.8444242550301E-02
 0.7354829118333E-01 0.2970304657486E-02 0.1202781200068E-01-0.1461861159886E-04
-0.8907856941468E+00 0.1080090720260E-02-0.5268473167773E-02 0.4379440204947E-01
-0.1527892062197E-02-0.5334649066594E-02 0.4450020003564E-02 0.9508605581264E-03
 0.6388381376799E-02 0.8440087066105E-02 0.1080090720260E-02 0.1094564925771E-01
-0.7955558214632E-02 0.5334603706166E-02-0.2727413782471E-02 0.7828100236348E-03
-0.5833810609149E-03-0.5585437312124E-03 0.6221171403061E-02-0.2766217438695E-05
-0.5268473167773E-02-0.7955558214632E-02-0.2367970504452E-01-0.1527992543578E-02
 0.3795173397928E-02 0.2727463232494E-02 0.7354948225820E-01 0.2976289257637E-02
 0.1202126788438E-01 0.1683571953608E-04 0.4379440204947E-01 0.5334603706166E-02
-0.1527992543578E-02-0.8907879365380E+00-0.5268384878878E-02-0.1080073544881E-02
-0.5817254269220E-03-0.5577689149165E-03 0.6225646163562E-02 0.2763474483619E-05
-0.1527892062197E-02-0.2727413782471E-02 0.3795173397928E-02-0.5268384878878E-02
-0.2367762848480E-01 0.7955524229835E-02-0.4449563424986E-02-0.9490047273313E-03
-0.6388069898167E-02 0.8444242550301E-02-0.5334649066594E-02 0.7828100236348E-03
 0.2727463232494E-02-0.1080073544881E-02 0.7955524229835E-02 0.1094645339882E-01
   10   10    0  0.257250
-0.4050556422947E-01-0.3511026370091E-01-0.3905475643748E-02 0.1728085398106E-04
 0.3773860103088E-01-0.1002537540439E-02 0.4086149377125E-04 0.3773933928411E-01
 0.4044950017350E-04 0.1002359789658E-02-0.3511026370091E-01-0.5806256875179E-01
-0.1295415290687E-01 0.1729115942953E-04-0.8591835102936E-02-0.6311662691822E-03
