                  12                   1               28638                   1               28637
T-Matrices                                                  
    3    3    2   24    2    1    0    0   10   24   24     0.00000000
    1    2   -2  0.000000
    1    4   -2  0.000000
    1    4   -4  0.000000
    2    3   -2  0.151200
    3    1   -1  0.237600
    3    3   -1  0.237600
    3    3   -3  0.237600
    4    1    1  0.237600
    4    3    1  0.237600
    4    3    3  0.237600
    5    1    1  0.807600
    5    3    1  0.807600
    5    3    3  0.807600
    6    1   -1  0.807600
    6    3   -1  0.807600
    6    3   -3  0.807600
    7    2   -1  0.860800
    7    4   -3  0.860800
    7    4   -1  0.860800
    8    2    1  0.860800
    8    4    1  0.860800
    8    4    3  0.860800
    9    3   -2  0.956600
   10    3   -2  1.045400
    1   99     0.00735000     0.00367500
    3    3    0  0.007350
-0.5170605776743E-01-0.1146038140213E-02 0.6798940627861E-05-0.1146038140213E-02
-0.3492496329793E-03 0.5378542350167E-06 0.6798940627861E-05 0.5378542350167E-06
-0.1581685346006E-03
 0.3173245994475E+00 0.6510184058059E-02-0.4200419839881E-04 0.6510184058059E-02
 0.2558653997555E-01-0.1017966304732E-03-0.4200419839881E-04-0.1017966304732E-03
-0.1778482157612E-01
    3    3    0  0.011025
-0.5760131809217E-01-0.1304644851474E-02 0.9305849163341E-05-0.1304644851474E-02
-0.3704513437340E-03 0.6511988218162E-06 0.9305849163341E-05 0.6511988218162E-06
-0.1593670116595E-03
 0.3344154194942E+00 0.7024696844732E-02-0.5470276700454E-04 0.7024696844732E-02
 0.2626224273044E-01-0.1076831683129E-03-0.5470276700454E-04-0.1076831683129E-03
-0.1785200129941E-01
    3    3    0  0.014700
-0.6540106276947E-01-0.1507121880515E-02 0.1184668822003E-04-0.1507121880515E-02
-0.3932913003617E-03 0.7678479772090E-06 0.1184668822003E-04 0.7678479772090E-06
-0.1612122822245E-03
 0.3556184596791E+00 0.7619832119193E-02-0.6530537580130E-04 0.7619832119193E-02
 0.2694590504818E-01-0.1134254553903E-03-0.6530537580130E-04-0.1134254553903E-03
-0.1795497992172E-01
    3    3    0  0.018375
-0.7638780937451E-01-0.1780170821284E-02 0.1427018275379E-04-0.1780170821284E-02
-0.4184061936096E-03 0.8829994785466E-06 0.1427018275379E-04 0.8829994785466E-06
-0.1636456701886E-03
 0.3832335013890E+00 0.8332483435947E-02-0.7245092871033E-04 0.8332483435947E-02
 0.2764098185865E-01-0.1189799268155E-03-0.7245092871033E-04-0.1189799268155E-03
-0.1808991295430E-01
    3    3    0  0.022050
-0.9326047840518E-01-0.2179558871624E-02 0.1618092023469E-04-0.2179558871624E-02
-0.4470568981676E-03 0.9854814879464E-06 0.1618092023469E-04 0.9854814879464E-06
-0.1666286604926E-03
 0.4215844055141E+00 0.9234329652840E-02-0.7363760422371E-04 0.9234329652840E-02
 0.2835269243291E-01-0.1242830906872E-03-0.7363760422371E-04-0.1242830906872E-03
-0.1825399748817E-01
    3    3    0  0.025725
-0.1226930717164E+00-0.2840822382942E-02 0.1633756056620E-04-0.2840822382942E-02
-0.4821209445240E-03 0.1044062982885E-05 0.1633756056620E-04 0.1044062982885E-05
-0.1701331167037E-03
 0.4798069515496E+00 0.1047703465861E-01-0.6353146887479E-04 0.1047703465861E-01
 0.2908873015357E-01-0.1292221194369E-03-0.6353146887479E-04-0.1292221194369E-03
-0.1844495284679E-01
    3    3    0  0.029400
-0.1859002958183E+00-0.4183991516858E-02 0.9652036663948E-05-0.4183991516858E-02
-0.5320147460121E-03 0.9436259377924E-06 0.9652036663948E-05 0.9436259377924E-06
-0.1741367106350E-03
 0.5805769992349E+00 0.1243032330727E-01-0.2819677874196E-04 0.1243032330727E-01
 0.2986151196678E-01-0.1335363820894E-03-0.2819677874196E-04-0.1335363820894E-03
-0.1866077106124E-01
    3    3    0  0.033075
-0.3881041480626E+00-0.8213268518666E-02-0.3749934534675E-04-0.8213268518666E-02
-0.6347733291428E-03-0.3397765607941E-08-0.3749934534675E-04-0.3397765607941E-08
-0.1786260950720E-03
 0.7907315892704E+00 0.1611069024376E-01 0.8115190040205E-04 0.1611069024376E-01
 0.3069385930822E-01-0.1363890868704E-03 0.8115190040205E-04-0.1363890868704E-03
-0.1889956848839E-01
    3    3    0  0.036750
-0.1725994462829E+01-0.3207844877338E-01-0.6392526242105E-03-0.3207844877338E-01
-0.1082336158790E-02-0.1102156987689E-04-0.6392526242105E-03-0.1102156987689E-04
-0.1838082826561E-03
 0.6868434695898E+00 0.1218945944054E-01 0.2641636986199E-03 0.1218945944054E-01
 0.3139859425497E-01-0.1386585615400E-03 0.2641636986199E-03-0.1386585615400E-03
-0.1915946256497E-01
    3    3    0  0.040425
-0.2842938784862E+00-0.3844495785459E-02-0.2636016129469E-03-0.3844495785459E-02
-0.5660716560392E-03-0.2625854839966E-05-0.2636016129469E-03-0.2625854839966E-05
-0.1892088524012E-03
-0.6983205569084E+00-0.9894625454463E-02-0.6278377828684E-03-0.9894625454463E-02
 0.3192356585090E-01-0.1582741241795E-03-0.6278377828684E-03-0.1582741241795E-03
-0.1943947481613E-01
    3    3    0  0.044100
-0.2189682256055E-01-0.4214759950787E-04-0.5720445658547E-04-0.4214759950787E-04
-0.5461618070890E-03 0.9420068415968E-06-0.5720445658547E-04 0.9420068415968E-06
-0.1949250515635E-03
-0.2081194291143E+00-0.4756192148310E-03-0.4962313884103E-03-0.4756192148310E-03
 0.3304197180855E-01-0.1594663484119E-03-0.4962313884103E-03-0.1594663484119E-03
-0.1973669574693E-01
    3    3    0  0.047775
-0.1501533621408E-02 0.2825701482204E-04-0.1584424963642E-04 0.2825701482204E-04
-0.5866432511334E-03 0.1732138669386E-05-0.1584424963642E-04 0.1732138669386E-05
-0.2011239793856E-03
-0.5470902370198E-01 0.2747702999711E-02-0.4294693249035E-03 0.2747702999711E-02
 0.3413744907963E-01-0.1620156313990E-03-0.4294693249035E-03-0.1620156313990E-03
-0.2004985189246E-01
    3    3    0  0.051450
-0.4718336295119E-03-0.1502150830469E-03 0.2424516688192E-05-0.1502150830469E-03
-0.6346076952068E-03 0.2170185081204E-05 0.2424516688192E-05 0.2170185081204E-05
-0.2077321369936E-03
 0.3037061394751E-01 0.4569477329544E-02-0.4095692691977E-03 0.4569477329544E-02
 0.3532538381777E-01-0.1650129330324E-03-0.4095692691977E-03-0.1650129330324E-03
-0.2037709828470E-01
    3    3    0  0.055125
-0.3302541919759E-02-0.3410299502675E-03 0.1262882001444E-04-0.3410299502675E-03
-0.6890022108323E-03 0.2504910537104E-05 0.1262882001444E-04 0.2504910537104E-05
-0.2147065329105E-03
 0.8099650320730E-01 0.5784924023154E-02-0.4021414032051E-03 0.5784924023154E-02
 0.3665951243485E-01-0.1679047398952E-03-0.4021414032051E-03-0.1679047398952E-03
-0.2071658493705E-01
    3    3    0  0.058800
-0.6660667761039E-02-0.5167181705857E-03 0.1945878895162E-04-0.5167181705857E-03
-0.7525920707527E-03 0.2812823979338E-05 0.1945878895162E-04 0.2812823979338E-05
-0.2220165740024E-03
 0.1150278130651E+00 0.6719034909587E-02-0.4005522226270E-03 0.6719034909587E-02
 0.3819916534287E-01-0.1705229961253E-03-0.4005522226270E-03-0.1705229961253E-03
-0.2106641758615E-01
    3    3    0  0.062475
-0.9850216393452E-02-0.6788350920985E-03 0.2455397818415E-04-0.6788350920985E-03
-0.8298546301914E-03 0.3125204113531E-05 0.2455397818415E-04 0.3125204113531E-05
-0.2296304554906E-03
 0.1398084433214E+00 0.7508819751133E-02-0.4017535384677E-03 0.7508819751133E-02
 0.4002683542725E-01-0.1727612543364E-03-0.4017535384677E-03-0.1727612543364E-03
-0.2142466606073E-01
    3    3    0  0.066150
-0.1274312323676E-01-0.8332394898469E-03 0.2861595868035E-04-0.8332394898469E-03
-0.9280462429769E-03 0.3463513072452E-05 0.2861595868035E-04 0.3463513072452E-05
-0.2375137190530E-03
 0.1589192613850E+00 0.8226128809208E-02-0.4041564689796E-03 0.8226128809208E-02
 0.4227099789285E-01-0.1745223136787E-03-0.4041564689796E-03-0.1745223136787E-03
-0.2178936423994E-01
    3    3    0  0.069825
-0.1535115740549E-01-0.9868347548630E-03 0.3198598930082E-04-0.9868347548630E-03
-0.1060141286562E-02 0.3852260414139E-05 0.3198598930082E-04 0.3852260414139E-05
-0.2456286792421E-03
 0.1743157178734E+00 0.8918906972804E-02-0.4068317149480E-03 0.8918906972804E-02
 0.4515093630240E-01-0.1756853182735E-03-0.4068317149480E-03-0.1756853182735E-03
-0.2215851099956E-01
    3    3    0  0.073500
-0.1771837326666E-01-0.1148720828583E-02 0.3484469372889E-04-0.1148720828583E-02
-0.1252459088107E-02 0.4331438238687E-05 0.3484469372889E-04 0.4331438238687E-05
-0.2539341236819E-03
 0.1871591172345E+00 0.9632363110873E-02-0.4091763880917E-03 0.9632363110873E-02
 0.4908377052193E-01-0.1760579272629E-03-0.4091763880917E-03-0.1760579272629E-03
-0.2253007124268E-01
    3    3    0  0.077175
-0.1989235847628E-01-0.1335106194677E-02 0.3729293283802E-04-0.1335106194677E-02
-0.1568595742157E-02 0.4984129967537E-05 0.3729293283802E-04 0.4984129967537E-05
-0.2623851096453E-03
 0.1981872974807E+00 0.1043328932534E-01-0.4107537396484E-03 0.1043328932534E-01
 0.5499149223324E-01-0.1752544816302E-03-0.4107537396484E-03-0.1752544816302E-03
-0.2290197644249E-01
    3    3    0  0.080850
-0.2191867895847E-01-0.1588138471920E-02 0.3938887011341E-04-0.1588138471920E-02
-0.2211563261394E-02 0.6031508600131E-05 0.3938887011341E-04 0.6031508600131E-05
-0.2709327505644E-03
 0.2079001262718E+00 0.1147929069348E-01-0.4111881634632E-03 0.1147929069348E-01
 0.6545158138834E-01-0.1722483181568E-03-0.4111881634632E-03-0.1722483181568E-03
-0.2327212417298E-01
    3    3    0  0.084525
-0.2385155662911E-01-0.2099203784093E-02 0.4116579555295E-04-0.2099203784093E-02
-0.4308488514330E-02 0.8350033950415E-05 0.4116579555295E-04 0.8350033950415E-05
-0.2795236021057E-03
 0.2166783481261E+00 0.1342138377655E-01-0.4099564775957E-03 0.1342138377655E-01
 0.9172702567186E-01-0.1626285613977E-03-0.4099564775957E-03-0.1626285613977E-03
-0.2363837545304E-01
    3    3    0  0.088200
-0.2631111904512E-01-0.1021262649592E-01 0.4155972340768E-04-0.1021262649592E-01
-0.8375903783008E-01 0.1401753596515E-04 0.4155972340768E-04 0.1401753596515E-04
-0.2880876644203E-03
 0.2255468088251E+00 0.3088916141101E-01-0.4004670087157E-03 0.3088916141101E-01
 0.3993044698083E+00-0.3746920098541E-04-0.4004670087157E-03-0.3746920098541E-04
-0.2399851313874E-01
    3    3    0  0.091875
-0.2723237920251E-01-0.7155625611420E-03 0.4351307183996E-04-0.7155625611420E-03
-0.5591841554100E-03-0.4514719037124E-05 0.4351307183996E-04-0.4514719037124E-05
-0.2966222953126E-03
 0.2316725991962E+00 0.7091069724417E-02-0.4068374010539E-03 0.7091069724417E-02
-0.3266827882832E-01-0.2094332763137E-03-0.4068374010539E-03-0.2094332763137E-03
-0.2435046843699E-01
    3    3    0  0.095550
-0.2900372180635E-01-0.1285868186129E-02 0.4445617792395E-04-0.1285868186129E-02
-0.1183153377263E-03 0.7896630528772E-06 0.4445617792395E-04 0.7896630528772E-06
-0.3049880502096E-03
 0.2388764823891E+00 0.1012118975847E-01-0.3999750270676E-03 0.1012118975847E-01
 0.1151034328159E-01-0.1916630659175E-03-0.3999750270676E-03-0.1916630659175E-03
-0.2469178792595E-01
    3    3    0  0.099225
-0.3073927950370E-01-0.1608748802094E-02 0.4497778568635E-04-0.1608748802094E-02
-0.4627309518587E-03 0.2582917077908E-05 0.4497778568635E-04 0.2582917077908E-05
-0.3131487644696E-03
 0.2457583062581E+00 0.1156577683146E-01-0.3915593627055E-03 0.1156577683146E-01
 0.2808663075533E-01-0.1835306589412E-03-0.3915593627055E-03-0.1835306589412E-03
-0.2502020053638E-01
    3    3    0  0.102900
-0.3249976539967E-01-0.1923313611055E-02 0.4513139988842E-04-0.1923313611055E-02
-0.9349496729597E-03 0.3894722524060E-05 0.4513139988842E-04 0.3894722524060E-05
-0.3210278797678E-03
 0.2525345039700E+00 0.1287533308269E-01-0.3807609051441E-03 0.1287533308269E-01
 0.4122524618923E-01-0.1758955952054E-03-0.3807609051441E-03-0.1758955952054E-03
-0.2533327318955E-01
    3    3    0  0.106575
-0.3434344679127E-01-0.2406909615924E-02 0.4489435756034E-04-0.2406909615924E-02
-0.1966699260297E-02 0.5671149469881E-05 0.4489435756034E-04 0.5671149469881E-05
-0.3285448987464E-03
 0.2593910288796E+00 0.1475755646205E-01-0.3669872825199E-03 0.1475755646205E-01
 0.6087630712420E-01-0.1647019794037E-03-0.3669872825199E-03-0.1647019794037E-03
-0.2562846077449E-01
    3    3    0  0.110250
-0.3663282015554E-01-0.5600397167822E-02 0.4399136023982E-04-0.5600397167822E-02
-0.1664128758985E-01 0.1297387759095E-04 0.4399136023982E-04 0.1297387759095E-04
-0.3356076555817E-03
 0.2670153519028E+00 0.2439245946698E-01-0.3466760084759E-03 0.2439245946698E-01
 0.1799424180569E+00-0.1105227192094E-03-0.3466760084759E-03-0.1105227192094E-03
-0.2590305340259E-01
    3    3    0  0.113925
-0.3809819313700E-01-0.1297698581868E-02 0.4294175928085E-04-0.1297698581868E-02
-0.1234529818454E-03-0.1915205139976E-05 0.4294175928085E-04-0.1915205139976E-05
-0.3421540450566E-03
 0.2732177861002E+00 0.9754904103474E-02-0.3336053625680E-03 0.9754904103474E-02
-0.1224801941199E-01-0.1859144702974E-03-0.3336053625680E-03-0.1859144702974E-03
-0.2615422176880E-01
    3    3    0  0.117600
-0.4053327360874E-01-0.2158046884456E-02 0.4128276532408E-04-0.2158046884456E-02
-0.5318436587049E-03 0.2400196137771E-05 0.4128276532408E-04 0.2400196137771E-05
-0.3480402957864E-03
 0.2814855872845E+00 0.1359084819756E-01-0.3083403837567E-03 0.1359084819756E-01
 0.2956365372433E-01-0.1628230789783E-03-0.3083403837567E-03-0.1628230789783E-03
-0.2637870664666E-01
    3    3    0  0.121275
-0.4341076823328E-01-0.3243974849512E-02 0.3883808565140E-04-0.3243974849512E-02
-0.2586542321704E-02 0.5508389863062E-05 0.3883808565140E-04 0.5508389863062E-05
-0.3531736204393E-03
 0.2908905122781E+00 0.1758264195165E-01-0.2781282517722E-03 0.1758264195165E-01
 0.6961826206614E-01-0.1390249934043E-03-0.2781282517722E-03-0.1390249934043E-03
-0.2657299921461E-01
    3    3    0  0.124950
-0.4646074479103E-01-0.1401357432938E-02 0.3553667236091E-04-0.1401357432938E-02
-0.2516186910541E-03-0.2699386781706E-05 0.3553667236091E-04-0.2699386781706E-05
-0.3574371077654E-03
 0.3011078605155E+00 0.9742639124158E-02-0.2470398334436E-03 0.9742639124158E-02
-0.2015597152232E-01-0.1674965338435E-03-0.2470398334436E-03-0.1674965338435E-03
-0.2673305258168E-01
    3    3    0  0.128625
-0.5137692223911E-01-0.3151331578025E-02 0.3102945050883E-04-0.3151331578025E-02
-0.1321504194158E-02 0.3142952960223E-05 0.3102945050883E-04 0.3142952960223E-05
-0.3606633224648E-03
 0.3159441210620E+00 0.1684031546898E-01-0.2015617807831E-03 0.1684031546898E-01
 0.4845325811930E-01-0.1291004179466E-03-0.2015617807831E-03-0.1291004179466E-03
-0.2685401832358E-01
    3    3    0  0.132300
-0.5831557369552E-01-0.2220115359199E-02 0.2467826059954E-04-0.2220115359199E-02
-0.8823796444865E-04-0.6286874491088E-06 0.2467826059954E-04-0.6286874491088E-06
-0.3627010450258E-03
 0.3362502628033E+00 0.1269843288527E-01-0.1493362389777E-03 0.1269843288527E-01
 0.3204800651014E-02-0.1352235230038E-03-0.1493362389777E-03-0.1352235230038E-03
-0.2693008247069E-01
    3    3    0  0.135975
-0.7175342471920E-01-0.7020466418833E-03 0.1430550918172E-04-0.7020466418833E-03
-0.2307349790652E-02-0.6867840246111E-05 0.1430550918172E-04-0.6867840246111E-05
-0.3633344125669E-03
 0.3719382207504E+00 0.4444801423012E-02-0.7804285061104E-04 0.4444801423012E-02
-0.6774292917072E-01-0.1486246040859E-03-0.7804285061104E-04-0.1486246040859E-03
-0.2695381942256E-01
    3    3    0  0.139650
-0.1170825114872E+00-0.3672256925193E-02-0.1340479840433E-04-0.3672256925193E-02
-0.1336629027276E-03-0.1485554907224E-05-0.1340479840433E-04-0.1485554907224E-05
-0.3622923752882E-03
 0.4692889027436E+00 0.1453082757275E-01 0.6032757486571E-04 0.1453082757275E-01
 0.6532033043661E-02-0.1003041354297E-03 0.6032757486571E-04-0.1003041354297E-03
-0.2691541589090E-01
    3    3    0  0.143325
-0.1929824264216E+01-0.1582801322998E-01-0.1419439168846E-02-0.1582801322998E-01
-0.1300842941940E-03-0.1287763262574E-04-0.1419439168846E-02-0.1287763262574E-04
-0.3602694300108E-03
 0.3676480429786E+00 0.3021378088068E-02 0.2909194696637E-03 0.3021378088068E-02
-0.6993829679440E-03-0.8738269577518E-04 0.2909194696637E-03-0.8738269577518E-04
-0.2680115338374E-01
    3    3    0  0.147000
-0.2216896014212E-02-0.5252505702233E-03 0.2922007038083E-05-0.5252505702233E-03
-0.3055002099366E-03 0.6830360011563E-06 0.2922007038083E-05 0.6830360011563E-06
-0.3536903246006E-03
 0.6544621524033E-01 0.1205721173574E-01-0.1343862482742E-03 0.1205721173574E-01
 0.2156970664985E-01-0.5100064326084E-04-0.1343862482742E-03-0.5100064326084E-04
-0.2659388806890E-01
    3    3    0  0.150675
-0.1722119540154E-01-0.2975092287347E-02-0.5715124998768E-05-0.2975092287347E-02
-0.6922824420053E-02-0.1127526222067E-05-0.5715124998768E-05-0.1127526222067E-05
-0.3448581905747E-03
 0.1837163912933E+00 0.1962785235210E-01 0.7076320389601E-04 0.1962785235210E-01
 0.1157740017904E+00 0.9394352026656E-05 0.7076320389601E-04 0.9394352026656E-05
-0.2626008995337E-01
    4    4    0  0.154350
-0.2596401586930E-01-0.4562750795336E-02-0.2480879007549E-04 0.4128286156833E-02
-0.4562750795336E-02-0.3483753822983E-01-0.9399884701275E-05 0.2124053911294E-02
-0.2480879007549E-04-0.9399884701275E-05-0.3316768357323E-03 0.5536594099610E-05
 0.4128286156833E-02 0.2124053911294E-02 0.5536594099610E-05-0.3460883611242E-01
 0.2249709771437E+00 0.1481203262309E-01 0.2374795183160E-03-0.1961240162973E-01
 0.1481203262309E-01 0.2795101566179E-01 0.3204609828345E-04-0.2596833367539E+00
 0.2374795183160E-03 0.3204609828345E-04-0.2575232562366E-01-0.5682387194991E-04
-0.1961240162973E-01-0.2596833367539E+00-0.5682387194991E-04-0.1335145652102E-01
    4    4    0  0.158025
-0.3177555356211E-01-0.5180049072954E-02-0.5127251134187E-04 0.4771106319255E-02
-0.5180049072954E-02-0.3524018396366E-01-0.9193273363823E-05 0.2268050064447E-02
-0.5127251134187E-04-0.9193273363823E-05-0.3121584168475E-03 0.1675741894368E-04
 0.4771106319255E-02 0.2268050064447E-02 0.1675741894368E-04-0.3504392070173E-01
 0.2485362525219E+00 0.1538057631599E-01 0.4402758509773E-03-0.2201811842538E-01
 0.1538057631599E-01 0.2794898299114E-01 0.9383352160507E-04-0.2611298599064E+00
 0.4402758509773E-03 0.9383352160507E-04-0.2498023355010E-01-0.4099814168490E-04
-0.2201811842538E-01-0.2611298599064E+00-0.4099814168490E-04-0.1257991587059E-01
    4    4    0  0.161700
-0.3635572192491E-01-0.5674320588241E-02-0.9119681085948E-04 0.5308040701046E-02
-0.5674320588241E-02-0.3564385047292E-01-0.8627013294556E-05 0.2447273091102E-02
-0.9119681085948E-04-0.8627013294556E-05-0.2825297624455E-03 0.3374322422473E-04
 0.5308040701046E-02 0.2447273091102E-02 0.3374322422473E-04-0.3546476040972E-01
 0.2655333158134E+00 0.1589014510892E-01 0.7258660094018E-03-0.2384026858362E-01
 0.1589014510892E-01 0.2822213147996E-01 0.1866677581121E-03-0.2625452522394E+00
 0.7258660094018E-03 0.1866677581121E-03-0.2375727712141E-01-0.1514584551330E-04
-0.2384026858362E-01-0.2625452522394E+00-0.1514584551330E-04-0.1179991098554E-01
    4    4    0  0.165375
-0.4053676759424E-01-0.6140391867761E-02-0.1603380736275E-03 0.5822576618837E-02
-0.6140391867761E-02-0.3607518537460E-01-0.7756865192877E-05 0.2711141111975E-02
-0.1603380736275E-03-0.7756865192877E-05-0.2344197521625E-03 0.6298561548116E-04
 0.5822576618837E-02 0.2711141111975E-02 0.6298561548116E-04-0.3589372626902E-01
 0.2800719177943E+00 0.1643470804424E-01 0.1194862055791E-02-0.2543357390567E-01
 0.1643470804424E-01 0.2902533700768E-01 0.3460324446634E-03-0.2639909230171E+00
 0.1194862055791E-02 0.3460324446634E-03-0.2161495859550E-01 0.3077628626952E-04
-0.2543357390567E-01-0.2639909230171E+00 0.3077628626952E-04-0.1094354771169E-01
    4    4    0  0.169050
-0.4496719914109E-01-0.6666234173897E-02-0.3161425203554E-03 0.6394933406596E-02
-0.6666234173897E-02-0.3661484390397E-01-0.7645997091641E-05 0.3203987745218E-02
-0.3161425203554E-03-0.7645997091641E-05-0.1456789485737E-03 0.1277439550106E-03
 0.6394933406596E-02 0.3203987745218E-02 0.1277439550106E-03-0.3638291384138E-01
 0.2946157847955E+00 0.1717396247130E-01 0.2191877859433E-02-0.2699454611574E-01
 0.1717396247130E-01 0.3121241443166E-01 0.7004239552488E-03-0.2656401444520E+00
 0.2191877859433E-02 0.7004239552488E-03-0.1690881139451E-01 0.1323883526439E-03
-0.2699454611574E-01-0.2656401444520E+00 0.1323883526439E-03-0.9875466710185E-02
    4    4    0  0.172725
-0.5082108167337E-01-0.7582826232666E-02-0.1067855265954E-02 0.7267892980309E-02
-0.7582826232666E-02-0.3781439836327E-01-0.4390469331267E-04 0.4907043023079E-02
-0.1067855265954E-02-0.4390469331267E-04-0.3094130067080E-04 0.4239725960773E-03
 0.7267892980309E-02 0.4907043023079E-02 0.4239725960773E-03-0.3721606057697E-01
 0.3126027511560E+00 0.1911646927184E-01 0.6480975011910E-02-0.2863558455087E-01
 0.1911646927184E-01 0.4070376896477E-01 0.2369487371924E-02-0.2684947617267E+00
 0.6480975011910E-02 0.2369487371924E-02 0.3552227664911E-02 0.5690516937050E-03
-0.2863558455087E-01-0.2684947617267E+00 0.5690516937050E-03-0.7761913399556E-02
    4    4    0  0.176400
-0.5848209727960E-01-0.6472576800505E-02 0.1145450897585E-02 0.7060276366726E-02
-0.6472576800505E-02-0.3389760634556E-01-0.1843371627933E-03-0.2861856045264E-02
 0.1145450897585E-02-0.1843371627933E-03-0.2366048656650E-02-0.4702616881489E-03
 0.7060276366726E-02-0.2861856045264E-02-0.4702616881489E-03-0.3437384953460E-01
 0.3349862228803E+00 0.1296471573422E-01-0.8355056856113E-02-0.3158044802851E-01
 0.1296471573422E-01-0.9764848400422E-02-0.2146443405433E-02-0.2575422357340E+00
-0.8355056856113E-02-0.2146443405433E-02-0.6818414485423E-01-0.1200057992942E-02
-0.3158044802851E-01-0.2575422357340E+00-0.1200057992942E-02-0.1345773551459E-01
    4    4    0  0.180075
-0.9047046028314E-01-0.9407323053190E-02 0.4635271538461E-03 0.1079889690797E-01
-0.9407323053190E-02-0.3626336705696E-01-0.3962039878197E-04 0.1450585799190E-02
 0.4635271538461E-03-0.3962039878197E-04-0.7635001703658E-03-0.1728119499250E-03
 0.1079889690797E-01 0.1450585799190E-02-0.1728119499250E-03-0.3681007575780E-01
 0.4132195206909E+00 0.1698053372840E-01-0.2362336960617E-02-0.3881231997656E-01
 0.1698053372840E-01 0.1637394390258E-01-0.8429549325810E-03-0.2656387465902E+00
-0.2362336960617E-02-0.8429549325810E-03-0.3898369243279E-01-0.3894000829203E-03
-0.3881231997656E-01-0.2656387465902E+00-0.3894000829203E-03-0.8713672954225E-02
    4    4    0  0.183750
-0.2394550236743E-03-0.4878898771098E-04-0.2866036215923E-04 0.1646088505758E-02
-0.4878898771098E-04-0.3659835126723E-01-0.2743579793578E-04 0.1296211675168E-02
-0.2866036215923E-04-0.2743579793578E-04-0.5409603350694E-03-0.6959765334238E-04
 0.1646088505758E-02 0.1296211675168E-02-0.6959765334238E-04-0.3637188799553E-01
-0.1809321364955E-01 0.1213181708327E-01-0.1237996298296E-02-0.2487945840380E-03
 0.1213181708327E-01 0.2028827453733E-01-0.4721148922240E-03-0.2670141605969E+00
-0.1237996298296E-02-0.4721148922240E-03-0.3286046824902E-01-0.2360365039230E-03
-0.2487945840380E-03-0.2670141605969E+00-0.2360365039230E-03-0.1094475068404E-01
    4    4    0  0.187425
-0.2998920087748E-01-0.5562783522228E-02 0.4765439566612E-04 0.5172669255114E-02
-0.5562783522228E-02-0.3719422274106E-01-0.1857622344302E-04 0.2251468277160E-02
 0.4765439566612E-04-0.1857622344302E-04-0.4237795149469E-03-0.4004932837894E-04
 0.5172669255114E-02 0.2251468277160E-02-0.4004932837894E-04-0.3711861778679E-01
 0.2412105059148E+00 0.1646263205412E-01-0.4418786673174E-03-0.2382487297843E-01
 0.1646263205412E-01 0.2231588677847E-01-0.2308581286931E-03-0.2687004855029E+00
-0.4418786673174E-03-0.2308581286931E-03-0.2910501043406E-01-0.1582284780783E-03
-0.2382487297843E-01-0.2687004855029E+00-0.1582284780783E-03-0.7747002545246E-02
    4    4    0  0.191100
-0.4128812432566E-01-0.6706844675323E-02-0.5239176361686E-04 0.6458862790048E-02
-0.6706844675323E-02-0.3766307330291E-01-0.1276352624569E-04 0.2846093811152E-02
-0.5239176361686E-04-0.1276352624569E-04-0.3086150059156E-03 0.1032939105596E-04
 0.6458862790048E-02 0.2846093811152E-02 0.1032939105596E-04-0.3761063612521E-01
 0.2823248246537E+00 0.1746248535590E-01 0.3879351927834E-03-0.2779285012048E-01
 0.1746248535590E-01 0.2458319784481E-01 0.4136233682265E-04-0.2700838455274E+00
 0.3879351927834E-03 0.4136233682265E-04-0.2483898464348E-01-0.6626788542647E-04
-0.2779285012048E-01-0.2700838455274E+00-0.6626788542647E-04-0.6258155584252E-02
    4    4    0  0.194775
-0.4993857893696E-01-0.7695199595618E-02-0.3786703818273E-03 0.7556884797074E-02
-0.7695199595618E-02-0.3844362275735E-01-0.7595732342912E-05 0.4016717744065E-02
-0.3786703818273E-03-0.7595732342912E-05-0.1017383076868E-03 0.1484351257340E-03
 0.7556884797074E-02 0.4016717744065E-02 0.1484351257340E-03-0.3827117933662E-01
 0.3098059534755E+00 0.1876366392983E-01 0.2461397647203E-02-0.3047897374307E-01
 0.1876366392983E-01 0.3040880508444E-01 0.7719037392577E-03-0.2721334541396E+00
 0.2461397647203E-02 0.7719037392577E-03-0.1402198532583E-01 0.1743459567600E-03
-0.3047897374307E-01-0.2721334541396E+00 0.1743459567600E-03-0.4335648083192E-02
    4    4    0  0.198450
-0.6356457240625E-01-0.7313397583664E-02 0.1210170100452E-02 0.8139882561549E-02
-0.7313397583664E-02-0.3524388731059E-01-0.2053707007879E-03-0.2466171804398E-02
 0.1210170100452E-02-0.2053707007879E-03-0.2567537791637E-02-0.5234304683803E-03
 0.8139882561549E-02-0.2466171804398E-02-0.5234304683803E-03-0.3574049539072E-01
 0.3485603945376E+00 0.1430693369265E-01-0.8461372599063E-02-0.3459552203940E-01
 0.1430693369265E-01-0.1118467320732E-01-0.2366105775834E-02-0.2623940726097E+00
-0.8461372599063E-02-0.2366105775834E-02-0.7104829123854E-01-0.1284404139022E-02
-0.3459552203940E-01-0.2623940726097E+00-0.1284404139022E-02-0.9046818216359E-02
    4    4    0  0.202125
-0.8075436818285E-03 0.2641217088066E-03-0.5840267642866E-04 0.1735989704132E-02
 0.2641217088066E-03-0.3744019221103E-01-0.4027780195622E-04 0.1396219217314E-02
-0.5840267642866E-04-0.4027780195622E-04-0.6168700801930E-03-0.9702841604869E-04
 0.1735989704132E-02 0.1396219217314E-02-0.9702841604869E-04-0.3723292862623E-01
-0.3811325931323E-01 0.1244334160845E-01-0.1713939418044E-02 0.9764892551423E-03
 0.1244334160845E-01 0.1739283700485E-01-0.6596620156117E-03-0.2702199343778E+00
-0.1713939418044E-02-0.6596620156117E-03-0.3506942189404E-01-0.3287700062195E-03
 0.9764892551423E-03-0.2702199343778E+00-0.3287700062195E-03-0.7397244038549E-02
    4    4    0  0.205800
-0.4263830275580E-01-0.7064495163125E-02 0.1236360345256E-04 0.6891135923748E-02
-0.7064495163125E-02-0.3830437752571E-01-0.1881712308742E-04 0.3081774230717E-02
 0.1236360345256E-04-0.1881712308742E-04-0.3480247159161E-03-0.2335124731870E-04
 0.6891135923748E-02 0.3081774230717E-02-0.2335124731870E-04-0.3831693574890E-01
 0.2866762589986E+00 0.1805458919596E-01-0.9873833195481E-04-0.2918784399148E-01
 0.1805458919596E-01 0.2253345883445E-01-0.1423041316104E-03-0.2724855587492E+00
-0.9873833195481E-04-0.1423041316104E-03-0.2637949014873E-01-0.1405637755780E-03
-0.2918784399148E-01-0.2724855587492E+00-0.1405637755780E-03-0.2892849584352E-02
    4    4    0  0.209475
-0.6076904591056E-01-0.1040310771711E-01-0.3785416181081E-02 0.9804598061682E-02
-0.1040310771711E-01-0.4278892865229E-01-0.4729881052691E-03 0.1082323204826E-01
-0.3785416181081E-02-0.4729881052691E-03-0.2730856972952E-02 0.1285422126101E-02
 0.9804598061682E-02 0.1082323204826E-01 0.1285422126101E-02-0.4077503851006E-01
 0.3399680725008E+00 0.2492923252974E-01 0.1750627810577E-01-0.3347094237877E-01
 0.2492923252974E-01 0.6575306878381E-01 0.7278875681984E-02-0.2802203765776E+00
 0.1750627810577E-01 0.7278875681984E-02 0.7123602506521E-01 0.2006960697384E-02
-0.3347094237877E-01-0.2802203765776E+00 0.2006960697384E-02 0.4975653245083E-02
    4    4    0  0.213150
-0.2426877656302E-01-0.5306704853077E-02 0.1325934898888E-03 0.4952100826525E-02
-0.5306704853077E-02-0.3818189957316E-01-0.3523234138451E-04 0.2442261752666E-02
 0.1325934898888E-03-0.3523234138451E-04-0.5459286268393E-03-0.1025635617153E-03
 0.4952100826525E-02 0.2442261752666E-02-0.1025635617153E-03-0.3813767981462E-01
 0.2169676611833E+00 0.1706567368735E-01-0.1407487546762E-02-0.2297157746403E-01
 0.1706567368735E-01 0.1796557499328E-01-0.5768991995764E-03-0.2725022619634E+00
-0.1407487546762E-02-0.5768991995764E-03-0.3300178519957E-01-0.3133907118023E-03
-0.2297157746403E-01-0.2725022619634E+00-0.3133907118023E-03-0.2259243931632E-02
    4    4    0  0.216825
-0.6000139307226E-01-0.9664500710132E-02-0.1624334696026E-02 0.9535283084959E-02
-0.9664500710132E-02-0.4130862260007E-01-0.9462081175154E-04 0.8064751371221E-02
-0.1624334696026E-02-0.9462081175154E-04-0.3498685823298E-03 0.5972639910833E-03
 0.9535283084959E-02 0.8064751371221E-02 0.5972639910833E-03-0.4047405062352E-01
 0.3383155698416E+00 0.2235222020255E-01 0.8551532302907E-02-0.3443081560500E-01
 0.2235222020255E-01 0.4790603803449E-01 0.3174588944020E-02-0.2791911583739E+00
 0.8551532302907E-02 0.3174588944020E-02 0.2474987789465E-01 0.9205653509600E-03
-0.3443081560500E-01-0.2791911583739E+00 0.9205653509600E-03 0.4427470240619E-02
    4    4    0  0.220500
-0.4755101648816E-01-0.7738822211227E-02 0.2465638121934E-04 0.7721335979709E-02
-0.7738822211227E-02-0.3892019605309E-01-0.2255387997437E-04 0.3684817722602E-02
 0.2465638121934E-04-0.2255387997437E-04-0.3238029476847E-03-0.3203865680988E-04
 0.7721335979709E-02 0.3684817722602E-02-0.3203865680988E-04-0.3899365150102E-01
 0.3022799462924E+00 0.1892004405292E-01-0.1800285444890E-03-0.3146837131170E-01
 0.1892004405292E-01 0.2218808879604E-01-0.1925436983363E-03-0.2745939297606E+00
-0.1800285444890E-03-0.1925436983363E-03-0.2544405108308E-01-0.1722935262261E-03
-0.3146837131170E-01-0.2745939297606E+00-0.1722935262261E-03 0.1218961764989E-02
    4    4    0  0.224175
-0.4760978371680E-01-0.7785156062125E-02 0.5084983404620E-04 0.7788695729014E-02
-0.7785156062125E-02-0.3899636103223E-01-0.2512722107194E-04 0.3743398448741E-02
 0.5084983404620E-04-0.2512722107194E-04-0.3417071815896E-03-0.4496671774292E-04
 0.7788695729014E-02 0.3743398448741E-02-0.4496671774292E-04-0.3908957387049E-01
 0.3024358622629E+00 0.1902759578077E-01-0.3639393643849E-03-0.3165388239199E-01
 0.1902759578077E-01 0.2157700204956E-01-0.2600821054226E-03-0.2748994352688E+00
-0.3639393643849E-03-0.2600821054226E-03-0.2613525211490E-01-0.2021450492556E-03
-0.3165388239199E-01-0.2748994352688E+00-0.2021450492556E-03 0.2182997082095E-02
    4    4    0  0.227850
-0.8155201941568E-01-0.9713167808599E-02 0.7904122283986E-03 0.1115587486880E-01
-0.9713167808599E-02-0.3763969338330E-01-0.1000667666638E-03 0.1209328117468E-02
 0.7904122283986E-03-0.1000667666638E-03-0.1359511071292E-02-0.3263188285008E-03
 0.1115587486880E-01 0.1209328117468E-02-0.3263188285008E-03-0.3833486899201E-01
 0.3927176638360E+00 0.1820336458968E-01-0.4451234556142E-02-0.4068837150625E-01
 0.1820336458968E-01 0.4119427957932E-02-0.1513635148825E-02-0.2709542375964E+00
-0.4451234556142E-02-0.1513635148825E-02-0.5190096371307E-01-0.7861352440461E-03
-0.4068837150625E-01-0.2709542375964E+00-0.7861352440461E-03 0.1338971598499E-02
    4    4    0  0.231525
-0.5774743792700E-01-0.8992178685277E-02-0.2480361494060E-03 0.9207373628420E-02
-0.8992178685277E-02-0.3993099479217E-01-0.1628752908583E-04 0.5392754120391E-02
-0.2480361494060E-03-0.1628752908583E-04-0.8940021794947E-04 0.7915786523419E-04
 0.9207373628420E-02 0.5392754120391E-02 0.7915786523419E-04-0.3993974632191E-01
 0.3321984289038E+00 0.2043000651074E-01 0.1487153712920E-02-0.3491446376435E-01
 0.2043000651074E-01 0.2867349774905E-01 0.3629878633293E-03-0.2773407245611E+00
 0.1487153712920E-02 0.3629878633293E-03-0.1328082902776E-01 0.2417225755067E-04
-0.3491446376435E-01-0.2773407245611E+00 0.2417225755067E-04 0.5792033419167E-02
    4    4    0  0.235200
-0.3119613570059E-01-0.6243427389710E-02 0.1789312872231E-03 0.6020250857640E-02
-0.6243427389710E-02-0.3882135315852E-01-0.4265120094791E-04 0.3224227616730E-02
 0.1789312872231E-03-0.4265120094791E-04-0.5414469163850E-03-0.1218610638393E-03
 0.6020250857640E-02 0.3224227616730E-02-0.1218610638393E-03-0.3887112364196E-01
 0.2455880091890E+00 0.1830439483180E-01-0.1642706849625E-02-0.2631723926957E-01
 0.1830439483180E-01 0.1659656603222E-01-0.6690989027747E-03-0.2747276586731E+00
-0.1642706849625E-02-0.6690989027747E-03-0.3285211711379E-01-0.3797424962108E-03
-0.2631723926957E-01-0.2747276586731E+00-0.3797424962108E-03 0.4074480257088E-02
   10   10    0  0.238875
-0.9274151103054E-01-0.9636632558141E-02-0.1206866715460E-02 0.1271999256023E-01
 0.1160764815686E+00-0.9003944844393E-03-0.3168137636733E-02-0.1331332730705E+00
 0.2305286587698E-02 0.2638376519736E-02-0.9636632558141E-02-0.4530136878408E-01
-0.4863565508898E-03 0.5467338469408E-02-0.1240694083943E-02-0.3372700324651E-02
-0.2058229014048E-02 0.9638223742997E-03 0.3591937154662E-02-0.1282952512123E-02
-0.1206866715460E-02-0.4863565508898E-03-0.1030249304107E-01-0.3064364450436E-03
 0.1412512482048E-03-0.1702217967531E-04-0.8587854476356E-03 0.4029348025397E-04
 0.2867709927338E-03 0.1244694244584E-02 0.1271999256023E-01 0.5467338469408E-02
-0.3064364450436E-03-0.4083467514583E-01-0.1228084278841E-01 0.8779303830404E-02
-0.1371431820375E-02 0.1264758257987E-01-0.1163226046978E-01-0.2695158237496E-02
 0.1160764815686E+00-0.1240694083943E-02 0.1412512482048E-03-0.1228084278841E-01
-0.1287908921420E+01-0.7140671924019E-02 0.2180224912666E-02-0.9883450435798E-01
 0.7820944005723E-03 0.6001591571245E-02-0.9003944844393E-03-0.3372700324651E-02
-0.1702217967531E-04 0.8779303830404E-02-0.7140671924019E-02-0.4044242848825E-02
 0.2876166075775E-03 0.7736884859924E-03 0.2554509451749E-02 0.5742205355013E-03
-0.3168137636733E-02-0.2058229014048E-02-0.8587854476356E-03-0.1371431820375E-02
 0.2180224912666E-02 0.2876166075775E-03-0.5429650324958E-02-0.6203343398435E-02
-0.4020001731785E-03 0.4398541305504E-02-0.1331332730705E+00 0.9638223742997E-03
 0.4029348025397E-04 0.1264758257987E-01-0.9883450435798E-01 0.7736884859924E-03
-0.6203343398435E-02-0.1281125945134E+01-0.7074375206040E-02-0.1910529738897E-02
 0.2305286587698E-02 0.3591937154662E-02 0.2867709927338E-03-0.1163226046978E-01
 0.7820944005723E-03 0.2554509451749E-02-0.4020001731785E-03-0.7074375206040E-02
-0.5633248338035E-02-0.7716239480274E-03 0.2638376519736E-02-0.1282952512123E-02
 0.1244694244584E-02-0.2695158237496E-02 0.6001591571245E-02 0.5742205355013E-03
 0.4398541305504E-02-0.1910529738897E-02-0.7716239480274E-03-0.8259231537407E-02
 0.3186068675699E+00 0.1842340216171E-01-0.1509137330102E-02-0.3354054812097E-01
 0.1360128089811E+00 0.3159848692266E-02 0.8556021538677E-02-0.1529942221830E+00
-0.1075494312083E-01-0.1794421246237E-01 0.1842340216171E-01 0.1754889294870E-01
-0.5960137918737E-03-0.2744088564668E+00 0.4437822953170E-02 0.6636151138057E-01
-0.1425857002861E-01-0.5023861297655E-02-0.8615204325030E-01-0.1930483648438E-01
-0.1509137330102E-02-0.5960137918737E-03-0.3062041604051E-01-0.2663608709384E-03
-0.2650842495917E-03-0.1659194340967E-03 0.8559581351197E-01-0.1973750273188E-03
 0.2496533034001E-03-0.1105780762135E+00-0.3354054812097E-01-0.2744088564668E+00
-0.2663608709384E-03 0.5691850100430E-02-0.1483545914096E-01-0.2369349146254E-01
-0.2375164769417E-01 0.1577202001087E-01 0.2730769845880E-01-0.2190999180051E-01
 0.1360128089811E+00 0.4437822953170E-02-0.2650842495917E-03-0.1483545914096E-01
-0.9352708812063E+00-0.4398822518622E-02 0.3643638521228E-02 0.1044343905681E-01
-0.4983894456849E-03 0.2965136909338E-02 0.3159848692266E-02 0.6636151138057E-01
-0.1659194340967E-03-0.2369349146254E-01-0.4398822518622E-02-0.4797091001928E-01
-0.1313003721930E-01 0.3810403394811E-03-0.1846563795161E-01-0.1072460482355E-01
 0.8556021538677E-02-0.1425857002861E-01 0.8559581351197E-01-0.2375164769417E-01
 0.3643638521228E-02-0.1313003721930E-01 0.4726265871026E-01-0.6636949114844E-02
 0.1066385523671E-01-0.2367549681132E-02-0.1529942221830E+00-0.5023861297655E-02
-0.1973750273188E-03 0.1577202001087E-01 0.1044343905681E-01 0.3810403394811E-03
-0.6636949114844E-02-0.9324038532049E+00-0.3209707726116E-02 0.1795916644618E-03
-0.1075494312083E-01-0.8615204325030E-01 0.2496533034001E-03 0.2730769845880E-01
-0.4983894456849E-03-0.1846563795161E-01 0.1066385523671E-01-0.3209707726116E-02
-0.4565240127489E-01 0.1379159511564E-01-0.1794421246237E-01-0.1930483648438E-01
-0.1105780762135E+00-0.2190999180051E-01 0.2965136909338E-02-0.1072460482355E-01
-0.2367549681132E-02 0.1795916644618E-03 0.1379159511564E-01 0.5148787748333E-01
   10   10    0  0.242550
-0.9344853622123E-01-0.9741422356577E-02-0.1157645692115E-02 0.1291871777886E-01
 0.1159353348565E+00-0.8957446942095E-03-0.3248178542625E-02-0.1328186404858E+00
 0.2270772316568E-02 0.2421561401747E-02-0.9741422356577E-02-0.4541306217166E-01
-0.4711506091485E-03 0.5639476916885E-02-0.1255346906515E-02-0.3422575850165E-02
-0.2073909904304E-02 0.9751160339341E-03 0.3639345978004E-02-0.1324721605946E-02
-0.1157645692115E-02-0.4711506091485E-03-0.1035454544362E-01-0.3044150088656E-03
 0.1555672977111E-03-0.1775178261846E-04-0.8572869822100E-03 0.3011097689683E-04
 0.2739662063616E-03 0.1225783857419E-02 0.1291871777886E-01 0.5639476916885E-02
-0.3044150088656E-03-0.4095488410669E-01-0.1240498744693E-01 0.8884137059790E-02
-0.1373536402312E-02 0.1276658627472E-01-0.1164761162732E-01-0.2663043017082E-02
 0.1159353348565E+00-0.1255346906515E-02 0.1555672977111E-03-0.1240498744693E-01
-0.1292398279383E+01-0.7501641316495E-02 0.2375737353533E-02-0.9856879145273E-01
 0.7832702931302E-03 0.6104888935423E-02-0.8957446942095E-03-0.3422575850165E-02
-0.1775178261846E-04 0.8884137059790E-02-0.7501641316495E-02-0.4104759292473E-02
 0.2949434191119E-03 0.7763008951095E-03 0.2579618763475E-02 0.5740448238741E-03
-0.3248178542625E-02-0.2073909904304E-02-0.8572869822100E-03-0.1373536402312E-02
 0.2375737353533E-02 0.2949434191119E-03-0.5502000414338E-02-0.6312857610400E-02
-0.4064237516807E-03 0.4423189252680E-02-0.1328186404858E+00 0.9751160339341E-03
 0.3011097689683E-04 0.1276658627472E-01-0.9856879145273E-01 0.7763008951095E-03
-0.6312857610400E-02-0.1285741608924E+01-0.7434950324953E-02-0.2104234424306E-02
 0.2270772316568E-02 0.3639345978004E-02 0.2739662063616E-03-0.1164761162732E-01
 0.7832702931302E-03 0.2579618763475E-02-0.4064237516807E-03-0.7434950324953E-02
-0.5647535729308E-02-0.7591844155148E-03 0.2421561401747E-02-0.1324721605946E-02
 0.1225783857419E-02-0.2663043017082E-02 0.6104888935423E-02 0.5740448238741E-03
 0.4423189252680E-02-0.2104234424306E-02-0.7591844155148E-03-0.8216156605381E-02
 0.3213001826115E+00 0.1860272174004E-01-0.1551769693827E-02-0.3391652500899E-01
 0.1355516211853E+00 0.3214844937612E-02 0.8719640976552E-02-0.1523147564470E+00
-0.1064428656389E-01-0.1705420123712E-01 0.1860272174004E-01 0.1737331744534E-01
-0.6177122765536E-03-0.2746351974590E+00 0.4437693473474E-02 0.6700121787644E-01
-0.1440949545416E-01-0.5019002703026E-02-0.8612637035257E-01-0.1926439537216E-01
-0.1551769693827E-02-0.6177122765536E-03-0.3065378842043E-01-0.2836731065854E-03
-0.2575397036763E-03-0.1756510738083E-03 0.8639515342783E-01-0.1889346631356E-03
 0.2553136088113E-03-0.1104130252447E+00-0.3391652500899E-01-0.2746351974590E+00
-0.2836731065854E-03 0.6805423232776E-02-0.1492479710826E-01-0.2401604726055E-01
-0.2392334570783E-01 0.1585447725510E-01 0.2755060357801E-01-0.2213074959889E-01
 0.1355516211853E+00 0.4437693473474E-02-0.2575397036763E-03-0.1492479710826E-01
-0.9339742829381E+00-0.4621174158000E-02 0.3816513648384E-02 0.1096824632895E-01
-0.4510253467893E-03 0.3164310699915E-02 0.3214844937612E-02 0.6700121787643E-01
-0.1756510738083E-03-0.2401604726055E-01-0.4621174158000E-02-0.4792948712215E-01
-0.1314584135256E-01 0.4033085193844E-03-0.1874035202330E-01-0.1087241191749E-01
 0.8719640976552E-02-0.1440949545416E-01 0.8639515342783E-01-0.2392334570783E-01
 0.3816513648384E-02-0.1314584135256E-01 0.4706849628785E-01-0.6735315993743E-02
 0.1081178993561E-01-0.2397120274362E-02-0.1523147564470E+00-0.5019002703026E-02
-0.1889346631356E-03 0.1585447725510E-01 0.1096824632895E-01 0.4033085193844E-03
-0.6735315993743E-02-0.9311696001341E+00-0.3463141521049E-02-0.1172165558123E-03
-0.1064428656389E-01-0.8612637035257E-01 0.2553136088113E-03 0.2755060357801E-01
-0.4510253467893E-03-0.1874035202330E-01 0.1081178993561E-01-0.3463141521049E-02
